1	1	0.805	2.615
1	2	1.99	2.52
1	3	2.325	2.495
1	4	2.75	2.485
1	5	3.11	2.495
2	1	0.765	2.625
2	2	1.915	2.485
2	3	2.315	2.5100000000000002
2	4	2.775	2.46
2	5	3.1750000000000003	2.47
3	1	0.72	2.6350000000000002
3	2	1.9000000000000001	2.495
3	3	2.315	2.5
3	4	2.785	2.45
3	5	3.14	2.5
4	1	0.625	2.61
4	2	1.875	2.485
4	3	2.305	2.5100000000000002
4	4	2.785	2.46
4	5	3.16	2.46
5	1	0.55	2.66
5	2	1.85	2.485
5	3	2.305	2.495
5	4	2.82	2.485
5	5	3.205	2.5100000000000002
6	1	0.52	2.645
6	2	1.84	2.505
6	3	2.27	2.485
6	4	2.83	2.45
6	5	3.205	2.52
7	1	0.44	2.6750000000000003
7	2	1.7750000000000001	2.5100000000000002
7	3	2.295	2.485
7	4	2.85	2.495
7	5	3.2600000000000002	2.5300000000000002
8	1	0.355	2.665
8	2	1.7650000000000001	2.54
8	3	2.2600000000000002	2.505
8	4	2.865	2.485
8	5	3.25	2.52
9	1	0.315	2.68
9	2	1.745	2.54
9	3	2.245	2.505
9	4	2.86	2.5100000000000002
9	5	3.2600000000000002	2.52
10	1	0.315	2.68
10	2	1.665	2.5300000000000002
10	3	2.2600000000000002	2.505
10	4	2.915	2.45
10	5	3.315	2.5
11	2	1.645	2.52
11	3	2.225	2.495
11	4	2.895	2.45
11	5	3.335	2.495
12	2	1.605	2.535
12	3	2.205	2.535
12	4	2.915	2.5
12	5	3.325	2.5500000000000003
13	2	1.56	2.525
13	3	2.185	2.525
13	4	2.915	2.5100000000000002
13	5	3.335	2.5300000000000002
13	6	2.58	2.485
14	2	1.5250000000000001	2.5300000000000002
14	3	2.18	2.505
14	4	2.935	2.46
14	5	3.37	2.5300000000000002
14	6	2.58	2.495
15	2	1.475	2.5300000000000002
15	3	2.185	2.515
15	4	2.935	2.5
15	5	3.35	2.5500000000000003
15	6	2.595	2.485
16	2	1.385	2.57
16	3	2.15	2.535
16	4	2.945	2.5300000000000002
16	5	3.39	2.58
16	6	2.575	2.485
17	2	1.325	2.595
17	3	2.085	2.525
17	4	2.9050000000000002	2.495
17	5	3.335	2.57
17	6	2.5500000000000003	2.505
18	2	1.215	2.585
18	3	2.095	2.535
18	4	2.9250000000000003	2.485
18	5	3.39	2.5300000000000002
18	6	2.515	2.495
19	2	1.16	2.58
19	3	2.065	2.54
19	4	2.935	2.45
19	5	3.355	2.5300000000000002
19	6	2.515	2.505
20	2	1.1500000000000001	2.5500000000000003
20	3	2.02	2.5300000000000002
20	4	2.9050000000000002	2.45
20	5	3.365	2.495
20	6	2.485	2.45
21	2	1.055	2.5100000000000002
21	3	2.0	2.515
21	4	2.945	2.45
21	5	3.355	2.485
21	6	2.43	2.46
22	2	0.925	2.495
22	3	1.96	2.47
22	4	2.9050000000000002	2.41
22	5	3.38	2.46
22	6	2.44	2.43
23	2	0.86	2.54
23	3	1.945	2.485
23	4	2.96	2.45
23	5	3.38	2.5100000000000002
23	6	2.42	2.45
24	2	0.765	2.5500000000000003
24	3	1.8900000000000001	2.485
24	4	2.9250000000000003	2.46
24	5	3.4	2.515
24	6	2.38	2.44
25	2	0.7000000000000001	2.58
25	3	1.8800000000000001	2.485
25	4	2.98	2.46
25	5	3.46	2.54
25	6	2.38	2.46
26	2	0.6	2.595
26	3	1.83	2.475
26	4	2.935	2.46
26	5	3.44	2.5300000000000002
26	6	2.335	2.45
27	2	0.535	2.58
27	3	1.7850000000000001	2.515
27	4	2.9250000000000003	2.43
27	5	3.45	2.485
27	6	2.305	2.44
27	7	1.175	2.365
28	2	0.43	2.56
28	3	1.72	2.515
28	4	2.9250000000000003	2.475
28	5	3.39	2.495
28	6	2.25	2.43
28	7	1.155	2.375
29	2	0.44	2.5500000000000003
29	3	1.72	2.495
29	4	2.935	2.44
29	5	3.4	2.475
29	6	2.27	2.41
29	7	1.095	2.355
30	3	1.68	2.495
30	4	2.9250000000000003	2.435
30	5	3.42	2.43
30	6	2.24	2.4050000000000002
30	7	1.085	2.4
31	3	1.615	2.485
31	4	2.9050000000000002	2.44
31	5	3.45	2.52
31	6	2.205	2.465
31	7	1.045	2.39
32	3	1.59	2.54
32	4	2.9250000000000003	2.495
32	5	3.39	2.54
32	6	2.195	2.445
32	7	1.0150000000000001	2.365
33	3	1.55	2.515
33	4	2.97	2.485
33	5	3.42	2.52
33	6	2.21	2.415
33	7	0.99	2.38
34	3	1.53	2.5300000000000002
34	4	2.9250000000000003	2.475
34	5	3.42	2.54
34	6	2.16	2.455
34	7	0.9450000000000001	2.41
35	3	1.45	2.5500000000000003
35	4	2.88	2.505
35	5	3.39	2.5500000000000003
35	6	2.11	2.5
35	7	0.915	2.43
36	3	1.365	2.61
36	4	2.89	2.5300000000000002
36	5	3.37	2.56
36	6	2.095	2.52
36	7	0.805	2.44
37	3	1.29	2.56
37	4	2.84	2.475
37	5	3.39	2.5500000000000003
37	6	2.0100000000000002	2.475
37	7	0.785	2.41
38	3	1.2	2.57
38	4	2.875	2.485
38	5	3.37	2.56
38	6	1.98	2.515
38	7	0.74	2.42
39	3	1.225	2.535
39	4	2.845	2.445
39	5	3.37	2.52
39	6	2.015	2.41
39	7	0.7000000000000001	2.39
40	3	1.215	2.56
40	4	2.86	2.52
40	5	3.365	2.505
40	6	1.925	2.455
40	7	0.6900000000000001	2.41
41	3	1.16	2.56
41	4	2.86	2.485
41	5	3.36	2.56
41	6	1.86	2.485
41	7	0.655	2.375
42	3	1.165	2.5100000000000002
42	4	2.895	2.465
42	5	3.39	2.54
42	6	1.865	2.45
42	7	0.655	2.375
43	3	1.055	2.5500000000000003
43	4	2.9050000000000002	2.52
43	5	3.39	2.54
43	6	1.875	2.44
43	7	0.585	2.375
44	3	0.99	2.515
44	4	2.88	2.485
44	5	3.345	2.5
44	6	1.805	2.3850000000000002
44	7	0.54	2.355
45	3	0.895	2.495
45	4	2.9250000000000003	2.435
45	5	3.37	2.475
45	6	1.745	2.345
45	7	0.54	2.365
46	3	0.8200000000000001	2.5500000000000003
46	4	2.94	2.43
46	5	3.355	2.465
46	6	1.69	2.355
46	7	0.495	2.355
47	3	0.8200000000000001	2.58
47	4	2.945	2.43
47	5	3.335	2.5100000000000002
47	6	1.71	2.42
47	7	0.44	2.3850000000000002
48	3	0.685	2.585
48	4	2.94	2.44
48	5	3.33	2.485
48	6	1.62	2.41
49	3	0.6	2.61
49	4	2.9050000000000002	2.485
49	5	3.335	2.52
49	6	1.59	2.45
50	3	0.58	2.6
50	4	2.945	2.465
50	5	3.355	2.52
50	6	1.57	2.43
51	3	0.46	2.645
51	4	2.935	2.455
51	5	3.37	2.57
51	6	1.44	2.5
52	3	0.37	2.595
52	4	2.96	2.485
52	5	3.33	2.56
52	6	1.46	2.475
53	4	2.9250000000000003	2.44
53	5	3.3000000000000003	2.5100000000000002
53	6	1.28	2.505
54	4	2.915	2.5100000000000002
54	5	3.335	2.5300000000000002
54	6	1.1400000000000001	2.465
55	4	2.945	2.475
55	5	3.3000000000000003	2.56
55	6	1.1300000000000001	2.5300000000000002
56	4	2.97	2.495
56	5	3.345	2.5300000000000002
56	6	1.0	2.575
57	4	2.96	2.495
57	5	3.345	2.5500000000000003
57	6	0.9	2.6350000000000002
58	4	3.0100000000000002	2.5100000000000002
58	5	3.345	2.57
58	6	0.735	2.6350000000000002
59	4	3.0300000000000002	2.475
59	5	3.345	2.54
59	6	0.6900000000000001	2.735
60	4	3.02	2.5
60	5	3.355	2.5300000000000002
60	6	0.5700000000000001	2.61
61	4	3.045	2.46
61	5	3.36	2.57
62	4	3.02	2.44
62	5	3.375	2.54
62	8	1.495	2.42
62	9	2.605	2.43
63	4	3.04	2.485
63	5	3.41	2.54
63	8	1.5050000000000001	2.395
63	9	2.605	2.44
64	4	3.08	2.465
64	5	3.4450000000000003	2.54
64	8	1.465	2.4050000000000002
64	9	2.615	2.435
65	4	3.065	2.475
65	5	3.43	2.5300000000000002
65	8	1.465	2.395
65	9	2.58	2.42
66	4	3.1	2.495
66	5	3.45	2.5500000000000003
66	8	1.44	2.43
66	9	2.56	2.4
67	4	3.075	2.5300000000000002
67	5	3.44	2.59
67	8	1.465	2.42
67	9	2.5500000000000003	2.44
68	4	3.055	2.495
68	5	3.41	2.54
68	8	1.43	2.44
68	9	2.54	2.42
69	4	3.035	2.52
69	5	3.46	2.56
69	8	1.45	2.455
69	9	2.505	2.44
70	4	3.045	2.495
70	5	3.45	2.5500000000000003
70	8	1.43	2.465
70	9	2.525	2.455
71	4	3.0700000000000003	2.505
71	5	3.485	2.5500000000000003
71	8	1.4000000000000001	2.455
71	9	2.515	2.46
72	4	3.12	2.54
72	5	3.505	2.5300000000000002
72	8	1.42	2.44
72	9	2.495	2.44
73	4	3.065	2.54
73	5	3.5500000000000003	2.57
73	8	1.4000000000000001	2.46
73	9	2.515	2.475
74	4	3.13	2.5500000000000003
74	5	3.5700000000000003	2.57
74	8	1.4000000000000001	2.45
74	9	2.495	2.45
75	4	3.13	2.56
75	5	3.595	2.61
75	8	1.42	2.475
75	9	2.475	2.47
76	4	3.13	2.5100000000000002
76	5	3.625	2.625
76	8	1.41	2.465
76	9	2.495	2.45
77	4	3.185	2.54
77	5	3.625	2.59
77	8	1.3800000000000001	2.485
77	9	2.475	2.475
78	4	3.14	2.52
78	5	3.65	2.615
78	8	1.42	2.465
78	9	2.505	2.47
79	4	3.215	2.5300000000000002
79	5	3.68	2.6
79	8	1.4000000000000001	2.475
79	9	2.485	2.46
80	4	3.24	2.52
80	5	3.69	2.56
80	8	1.4000000000000001	2.45
80	9	2.455	2.47
80	10	2.045	2.525
81	4	3.245	2.52
81	5	3.69	2.615
81	8	1.3900000000000001	2.455
81	9	2.475	2.44
81	10	2.0100000000000002	2.515
82	4	3.2600000000000002	2.5500000000000003
82	5	3.755	2.59
82	8	1.41	2.465
82	9	2.44	2.455
82	10	1.955	2.485
83	4	3.185	2.54
83	5	3.735	2.615
83	8	1.4000000000000001	2.44
83	9	2.475	2.455
83	10	1.98	2.505
84	4	3.245	2.56
84	5	3.8000000000000003	2.625
84	8	1.41	2.455
84	9	2.44	2.455
84	10	1.955	2.505
85	4	3.215	2.54
85	5	3.775	2.6350000000000002
85	8	1.3900000000000001	2.485
85	9	2.435	2.485
85	10	1.955	2.515
86	4	3.215	2.56
86	5	3.8000000000000003	2.6350000000000002
86	8	1.375	2.485
86	9	2.42	2.495
86	10	1.925	2.54
87	4	3.235	2.56
87	5	3.81	2.6350000000000002
87	8	1.365	2.505
87	9	2.365	2.515
87	10	1.895	2.56
88	4	3.215	2.56
88	5	3.785	2.6
88	8	1.355	2.485
88	9	2.325	2.465
88	10	1.86	2.54
88	11	2.895	2.56
89	4	3.27	2.58
89	5	3.84	2.59
89	8	1.335	2.475
89	9	2.365	2.465
89	10	1.835	2.54
89	11	2.875	2.54
90	4	3.225	2.505
90	5	3.81	2.57
90	8	1.315	2.4050000000000002
90	9	2.29	2.41
90	10	1.7850000000000001	2.475
90	11	2.875	2.52
91	4	3.235	2.5500000000000003
91	5	3.81	2.59
91	8	1.315	2.445
91	9	2.335	2.455
91	10	1.815	2.495
91	11	2.86	2.475
92	4	3.29	2.57
92	5	3.8200000000000003	2.6
92	8	1.315	2.445
92	9	2.315	2.44
92	10	1.7850000000000001	2.495
92	11	2.815	2.5300000000000002
93	4	3.29	2.54
93	5	3.85	2.61
93	8	1.29	2.44
93	9	2.315	2.455
93	10	1.7850000000000001	2.485
93	11	2.805	2.515
94	4	3.27	2.475
94	5	3.84	2.54
94	8	1.335	2.42
94	9	2.2800000000000002	2.42
94	10	1.7650000000000001	2.46
94	11	2.785	2.5100000000000002
95	4	3.29	2.465
95	5	3.9050000000000002	2.515
95	8	1.335	2.4
95	9	2.27	2.41
95	10	1.735	2.45
95	11	2.785	2.475
96	4	3.315	2.485
96	5	3.84	2.52
96	8	1.315	2.3850000000000002
96	9	2.27	2.39
96	10	1.695	2.485
96	11	2.755	2.505
97	4	3.345	2.41
97	5	3.85	2.495
97	9	2.25	2.33
97	10	1.695	2.4
97	11	2.745	2.475
97	12	2.935	2.42
98	4	3.345	2.43
98	5	3.9250000000000003	2.485
98	9	2.2600000000000002	2.345
98	10	1.685	2.41
98	11	2.755	2.465
98	12	2.915	2.39
99	4	3.315	2.41
99	5	3.915	2.485
99	9	2.205	2.33
99	10	1.625	2.395
99	11	2.7	2.44
99	12	2.875	2.41
100	4	3.335	2.4
100	5	3.9050000000000002	2.495
100	9	2.185	2.345
100	10	1.625	2.3850000000000002
100	11	2.7	2.465
100	12	2.9250000000000003	2.42
101	4	3.335	2.395
101	5	3.88	2.465
101	9	2.18	2.32
101	10	1.615	2.375
101	11	2.69	2.445
101	12	2.945	2.44
102	4	3.335	2.4
102	5	3.86	2.455
102	9	2.14	2.335
102	10	1.595	2.365
102	11	2.6550000000000002	2.43
102	12	2.875	2.39
103	4	3.315	2.4
103	5	3.915	2.5100000000000002
103	9	2.1	2.355
103	10	1.5350000000000001	2.4050000000000002
103	11	2.6350000000000002	2.445
103	12	2.85	2.45
104	4	3.2800000000000002	2.455
104	5	3.89	2.495
104	9	2.04	2.365
104	10	1.455	2.44
104	11	2.605	2.45
104	12	2.815	2.44
105	4	3.285	2.41
105	5	3.87	2.485
105	9	2.04	2.365
105	10	1.41	2.43
105	11	2.615	2.45
105	12	2.775	2.44
106	4	3.2800000000000002	2.45
106	5	3.83	2.475
106	9	1.98	2.375
106	10	1.355	2.43
106	11	2.545	2.47
106	12	2.745	2.445
107	4	3.27	2.5
107	5	3.85	2.5300000000000002
107	9	1.94	2.375
107	10	1.31	2.43
107	11	2.56	2.47
107	12	2.715	2.475
108	4	3.235	2.485
108	5	3.775	2.515
108	9	1.885	2.395
108	10	1.25	2.44
108	11	2.44	2.495
108	12	2.68	2.485
109	4	3.225	2.485
109	5	3.755	2.54
109	9	1.8	2.4
109	10	1.1400000000000001	2.47
109	11	2.38	2.495
109	12	2.6350000000000002	2.475
110	4	3.235	2.455
110	5	3.775	2.52
110	9	1.71	2.365
110	10	1.09	2.48
110	11	2.355	2.495
110	12	2.615	2.475
111	4	3.1750000000000003	2.455
111	5	3.755	2.54
111	9	1.73	2.44
111	10	1.055	2.495
111	11	2.355	2.505
111	12	2.65	2.465
112	4	3.215	2.43
112	5	3.8000000000000003	2.5100000000000002
112	9	1.67	2.44
112	10	1.03	2.475
112	11	2.335	2.485
112	12	2.625	2.465
113	4	3.235	2.465
113	5	3.72	2.475
113	9	1.68	2.42
113	10	1.0	2.495
113	11	2.31	2.505
113	12	2.615	2.46
114	4	3.205	2.41
114	5	3.73	2.485
114	9	1.625	2.345
114	10	0.89	2.485
114	11	2.29	2.485
114	12	2.585	2.45
114	13	1.965	2.605
115	4	3.1950000000000003	2.465
115	5	3.72	2.485
115	9	1.56	2.39
115	10	0.87	2.495
115	11	2.25	2.475
115	12	2.56	2.47
115	13	1.945	2.625
116	4	3.1750000000000003	2.41
116	5	3.71	2.52
116	9	1.5150000000000001	2.42
116	10	0.81	2.495
116	11	2.27	2.525
116	12	2.57	2.5100000000000002
116	13	1.915	2.615
117	4	3.225	2.435
117	5	3.66	2.52
117	9	1.44	2.365
117	10	0.7000000000000001	2.515
117	11	2.24	2.54
117	12	2.5300000000000002	2.485
117	13	1.8800000000000001	2.66
118	4	3.205	2.455
118	5	3.68	2.485
118	9	1.42	2.3850000000000002
118	10	0.66	2.505
118	11	2.18	2.52
118	12	2.5	2.505
118	13	1.82	2.67
119	4	3.1950000000000003	2.485
119	5	3.7	2.52
119	9	1.375	2.445
119	10	0.58	2.54
119	11	2.15	2.5500000000000003
119	12	2.5100000000000002	2.495
119	13	1.82	2.68
120	4	3.205	2.465
120	5	3.64	2.5300000000000002
120	9	1.315	2.44
120	10	0.495	2.58
120	11	2.13	2.5500000000000003
120	12	2.475	2.515
120	13	1.75	2.69
121	4	3.12	2.455
121	5	3.615	2.505
121	9	1.205	2.45
121	10	0.4	2.6
121	11	2.045	2.545
121	12	2.36	2.525
121	13	1.68	2.7
122	4	3.02	2.485
122	5	3.495	2.505
122	9	1.0	2.44
122	10	0.24	2.56
122	11	1.925	2.535
122	12	2.2600000000000002	2.515
122	13	1.56	2.7
123	4	2.855	2.445
123	5	3.38	2.52
123	9	0.895	2.42
123	11	1.795	2.5500000000000003
123	12	2.16	2.535
123	13	1.345	2.725
124	4	2.84	2.445
124	5	3.3000000000000003	2.505
124	9	0.675	2.41
124	11	1.635	2.54
124	12	2.09	2.525
124	13	1.195	2.7
125	4	2.82	2.495
125	5	3.2600000000000002	2.5500000000000003
125	9	0.62	2.4
125	11	1.605	2.605
125	12	2.02	2.54
125	13	1.12	2.765
126	4	2.775	2.515
126	5	3.2800000000000002	2.505
126	9	0.55	2.43
126	11	1.55	2.615
126	12	2.0	2.57
126	13	1.03	2.805
127	4	2.795	2.485
127	5	3.29	2.52
127	9	0.54	2.42
127	11	1.475	2.59
127	12	2.015	2.495
127	13	1.025	2.775
128	4	2.825	2.475
128	5	3.305	2.535
128	9	0.44	2.455
128	11	1.475	2.605
128	12	2.0	2.515
128	13	0.9450000000000001	2.8000000000000003
129	4	2.82	2.455
129	5	3.325	2.515
129	9	0.485	2.445
129	11	1.42	2.58
129	12	1.945	2.56
129	13	0.96	2.81
130	4	2.81	2.48
130	5	3.245	2.495
130	9	0.335	2.455
130	11	1.33	2.57
130	12	1.925	2.58
130	13	0.775	2.86
131	4	2.81	2.465
131	5	3.25	2.495
131	9	0.325	2.455
131	11	1.31	2.535
131	12	1.895	2.5300000000000002
131	13	0.72	2.895
132	4	2.795	2.455
132	5	3.2600000000000002	2.475
132	9	0.27	2.41
132	11	1.18	2.58
132	12	1.905	2.56
132	13	0.6900000000000001	2.85
133	4	2.785	2.42
133	5	3.27	2.505
133	11	1.17	2.6550000000000002
133	12	1.83	2.58
133	13	0.555	2.895
134	4	2.8000000000000003	2.445
134	5	3.25	2.5300000000000002
134	11	1.195	2.665
134	12	1.8900000000000001	2.57
134	13	0.56	2.815
135	4	2.805	2.4250000000000003
135	5	3.2800000000000002	2.485
135	11	1.085	2.67
135	12	1.795	2.585
135	13	0.505	2.865
136	4	2.785	2.445
136	5	3.25	2.495
136	11	0.985	2.665
136	12	1.8	2.52
136	13	0.395	2.89
137	4	2.785	2.43
137	5	3.27	2.505
137	11	0.96	2.69
137	12	1.72	2.595
138	4	2.745	2.42
138	5	3.245	2.475
138	11	0.795	2.72
138	12	1.7	2.595
139	4	2.755	2.44
139	5	3.29	2.515
139	11	0.725	2.625
139	12	1.635	2.61
140	4	2.745	2.475
140	5	3.295	2.495
140	11	0.635	2.7
140	12	1.645	2.66
141	4	2.745	2.465
141	5	3.225	2.515
141	11	0.58	2.715
141	12	1.54	2.7
142	4	2.755	2.475
142	5	3.25	2.5500000000000003
142	11	0.53	2.795
142	12	1.5250000000000001	2.665
143	4	2.755	2.46
143	5	3.24	2.505
143	12	1.5050000000000001	2.6550000000000002
144	4	2.745	2.475
144	5	3.27	2.525
144	12	1.345	2.69
145	4	2.815	2.445
145	5	3.2600000000000002	2.505
145	12	1.355	2.645
146	4	2.745	2.435
146	5	3.2800000000000002	2.52
146	12	1.205	2.715
147	4	2.765	2.44
147	5	3.2800000000000002	2.54
147	12	1.12	2.795
147	14	2.045	2.42
148	4	2.785	2.485
148	5	3.2600000000000002	2.525
148	12	1.025	2.8850000000000002
148	14	2.025	2.46
149	4	2.775	2.475
149	5	3.24	2.515
149	12	0.8300000000000001	2.85
149	14	2.005	2.47
150	4	2.765	2.505
150	5	3.27	2.56
150	12	0.785	2.785
150	14	2.005	2.46
151	4	2.805	2.485
151	5	3.27	2.525
151	12	0.755	2.67
151	14	2.015	2.44
151	15	1.745	2.365
152	4	2.795	2.465
152	5	3.25	2.495
152	12	0.775	2.545
152	14	2.045	2.41
152	15	1.72	2.375
152	16	1.445	2.375
153	4	2.775	2.475
153	5	3.2600000000000002	2.525
153	14	2.015	2.445
153	15	1.7	2.4
153	16	1.4000000000000001	2.37
154	4	2.735	2.435
154	5	3.27	2.515
154	14	1.975	2.445
154	15	1.685	2.435
154	16	1.395	2.4
155	4	2.765	2.465
155	5	3.25	2.525
155	14	1.975	2.495
155	15	1.69	2.42
155	16	1.365	2.39
156	4	2.765	2.505
156	5	3.2800000000000002	2.525
156	14	1.925	2.455
156	15	1.645	2.455
156	16	1.365	2.42
157	4	2.775	2.515
157	5	3.285	2.575
157	14	1.945	2.505
157	15	1.655	2.4250000000000003
157	16	1.365	2.44
158	4	2.795	2.525
158	5	3.315	2.575
158	14	1.945	2.515
158	15	1.655	2.42
158	16	1.345	2.43
159	4	2.805	2.525
159	5	3.325	2.59
159	14	1.965	2.505
159	15	1.655	2.45
159	16	1.3	2.44
160	4	2.805	2.535
160	5	3.305	2.58
160	14	1.935	2.495
160	15	1.645	2.42
160	16	1.29	2.44
161	4	2.785	2.505
161	5	3.345	2.585
161	14	1.955	2.485
161	15	1.645	2.45
161	16	1.29	2.42
162	4	2.795	2.5
162	5	3.36	2.56
162	14	1.98	2.47
162	15	1.615	2.44
162	16	1.24	2.395
163	4	2.785	2.465
163	5	3.305	2.485
163	14	1.925	2.495
163	15	1.59	2.445
163	16	1.22	2.395
164	4	2.855	2.505
164	5	3.315	2.495
164	14	1.9000000000000001	2.52
164	15	1.57	2.45
164	16	1.22	2.455
165	4	2.83	2.495
165	5	3.4	2.535
165	14	1.94	2.54
165	15	1.58	2.485
165	16	1.195	2.445
166	4	2.85	2.535
166	5	3.365	2.585
166	14	1.99	2.515
166	15	1.615	2.485
166	16	1.23	2.43
167	4	2.85	2.52
167	5	3.41	2.535
167	14	1.96	2.515
167	15	1.61	2.455
167	16	1.195	2.41
168	4	2.8850000000000002	2.535
168	5	3.4450000000000003	2.525
168	14	1.97	2.495
168	15	1.58	2.455
168	16	1.215	2.4
169	4	2.875	2.475
169	5	3.335	2.525
169	14	1.925	2.485
169	15	1.56	2.41
169	16	1.1300000000000001	2.37
170	4	2.86	2.455
170	5	3.365	2.525
170	14	1.945	2.445
170	15	1.53	2.3850000000000002
170	16	1.1300000000000001	2.355
171	4	2.84	2.435
171	5	3.345	2.485
171	14	1.87	2.485
171	15	1.51	2.38
171	16	1.075	2.39
172	4	2.84	2.445
172	5	3.375	2.465
172	14	1.8800000000000001	2.46
172	15	1.485	2.4
172	16	1.055	2.395
173	4	2.855	2.465
173	5	3.335	2.515
173	14	1.87	2.475
173	15	1.45	2.44
173	16	1.0150000000000001	2.395
174	4	2.83	2.475
174	5	3.355	2.515
174	14	1.82	2.485
174	15	1.45	2.455
174	16	0.99	2.4
175	4	2.815	2.515
175	5	3.365	2.495
175	14	1.81	2.455
175	15	1.4000000000000001	2.41
175	16	0.9550000000000001	2.36
175	17	2.035	2.43
175	18	2.25	2.445
176	4	2.865	2.455
176	5	3.4	2.49
176	14	1.81	2.42
176	15	1.42	2.375
176	16	0.935	2.3000000000000003
176	17	2.015	2.395
176	18	2.2600000000000002	2.395
177	4	2.85	2.445
177	5	3.41	2.495
177	14	1.81	2.465
177	15	1.3800000000000001	2.355
177	16	0.84	2.335
177	17	2.015	2.375
177	18	2.27	2.42
178	4	2.8850000000000002	2.43
178	5	3.41	2.515
178	14	1.7850000000000001	2.465
178	15	1.31	2.355
178	16	0.795	2.315
178	17	2.005	2.395
178	18	2.235	2.375
179	4	2.9050000000000002	2.3850000000000002
179	5	3.4	2.485
179	14	1.745	2.455
179	15	1.345	2.38
179	16	0.6900000000000001	2.29
179	17	1.965	2.355
179	18	2.215	2.3850000000000002
180	4	2.8850000000000002	2.435
180	5	3.38	2.475
180	14	1.69	2.495
180	15	1.3	2.43
180	16	0.66	2.4
180	17	2.005	2.39
180	18	2.225	2.41
181	4	2.9050000000000002	2.41
181	5	3.4	2.455
181	14	1.735	2.495
181	15	1.245	2.4
181	16	0.65	2.39
181	17	1.945	2.365
181	18	2.235	2.42
182	4	2.895	2.43
182	5	3.4	2.455
182	14	1.72	2.5500000000000003
182	15	1.215	2.435
182	16	0.58	2.4
182	17	1.955	2.415
182	18	2.235	2.43
183	4	2.9250000000000003	2.44
183	5	3.43	2.505
183	14	1.7650000000000001	2.485
183	15	1.235	2.355
183	16	0.555	2.38
183	17	1.94	2.415
183	18	2.235	2.41
184	4	2.895	2.445
184	5	3.41	2.505
184	14	1.74	2.505
184	15	1.18	2.39
184	16	0.495	2.375
184	17	1.93	2.41
184	18	2.24	2.44
185	4	2.915	2.45
185	5	3.36	2.5500000000000003
185	14	1.73	2.5300000000000002
185	15	1.1500000000000001	2.39
185	16	0.41000000000000003	2.37
185	17	1.925	2.41
185	18	2.245	2.44
186	4	2.875	2.44
186	5	3.4	2.525
186	14	1.62	2.54
186	15	1.01	2.41
186	16	0.38	2.3850000000000002
186	17	1.97	2.41
186	18	2.25	2.44
187	4	2.9250000000000003	2.445
187	5	3.39	2.505
187	14	1.645	2.535
187	15	1.01	2.375
187	16	0.34500000000000003	2.345
187	17	1.935	2.365
187	18	2.27	2.43
188	4	2.915	2.43
188	5	3.38	2.485
188	14	1.635	2.57
188	15	0.9450000000000001	2.46
188	17	1.905	2.4
188	18	2.235	2.43
189	4	2.865	2.3850000000000002
189	5	3.365	2.445
189	14	1.57	2.505
189	15	0.875	2.465
189	17	1.885	2.38
189	18	2.245	2.42
190	4	2.895	2.42
190	5	3.325	2.525
190	14	1.545	2.525
190	15	0.84	2.42
190	17	1.885	2.485
190	18	2.235	2.475
191	4	2.875	2.505
191	5	3.375	2.525
191	14	1.5050000000000001	2.545
191	15	0.745	2.42
191	17	1.86	2.495
191	18	2.27	2.46
192	4	2.865	2.485
192	5	3.375	2.535
192	14	1.44	2.665
192	15	0.5700000000000001	2.365
192	17	1.84	2.485
192	18	2.2800000000000002	2.48
193	4	2.9250000000000003	2.485
193	5	3.395	2.5500000000000003
193	14	1.3900000000000001	2.69
193	15	0.56	2.455
193	18	2.27	2.47
194	4	2.895	2.505
194	5	3.375	2.535
194	14	1.4000000000000001	2.7
194	15	0.53	2.46
194	18	2.27	2.47
195	4	2.955	2.505
195	5	3.345	2.56
195	14	1.335	2.8000000000000003
195	15	0.505	2.505
195	18	2.295	2.48
196	4	2.9250000000000003	2.465
196	5	3.355	2.535
196	14	1.325	2.795
196	18	2.25	2.47
197	4	2.895	2.455
197	5	3.365	2.505
197	14	1.24	2.785
197	18	2.235	2.48
198	4	2.9050000000000002	2.485
198	5	3.39	2.505
198	14	1.065	2.765
198	18	2.235	2.495
199	4	2.9050000000000002	2.515
199	5	3.375	2.525
199	14	0.96	2.73
199	18	2.245	2.52
200	4	2.915	2.525
200	5	3.39	2.595
200	14	0.89	2.7
200	18	2.2600000000000002	2.505
201	4	2.955	2.485
201	5	3.41	2.595
201	14	0.84	2.57
201	18	2.2600000000000002	2.505
202	4	2.935	2.56
202	5	3.43	2.605
202	14	0.7000000000000001	2.46
202	18	2.315	2.54
202	19	1.58	2.56
202	20	2.085	2.485
202	21	1.7750000000000001	2.46
203	4	2.945	2.505
203	5	3.4	2.585
203	18	2.295	2.52
203	19	1.475	2.57
203	20	2.035	2.485
203	21	1.7850000000000001	2.48
204	4	2.945	2.475
204	5	3.42	2.56
204	18	2.2800000000000002	2.505
204	19	1.395	2.505
204	20	2.055	2.46
204	21	1.7750000000000001	2.45
204	22	0.81	2.44
205	4	2.935	2.465
205	5	3.41	2.515
205	18	2.295	2.495
205	19	1.345	2.485
205	20	2.075	2.47
205	21	1.7750000000000001	2.445
205	22	0.73	2.44
206	4	2.915	2.445
206	5	3.43	2.485
206	18	2.2600000000000002	2.475
206	19	1.355	2.47
206	20	2.045	2.43
206	21	1.745	2.43
206	22	0.6900000000000001	2.43
207	4	2.9250000000000003	2.475
207	5	3.39	2.495
207	18	2.2800000000000002	2.495
207	19	1.28	2.52
207	20	2.025	2.45
207	21	1.735	2.455
207	22	0.5700000000000001	2.485
208	4	2.9250000000000003	2.535
208	5	3.4450000000000003	2.525
208	18	2.27	2.515
208	19	1.27	2.5500000000000003
208	20	2.035	2.495
208	21	1.72	2.465
208	22	0.535	2.495
209	4	3.0100000000000002	2.495
209	5	3.455	2.575
209	18	2.285	2.525
209	19	1.1500000000000001	2.57
209	20	2.0	2.485
209	21	1.71	2.475
209	22	0.47500000000000003	2.48
210	4	2.99	2.52
210	5	3.465	2.595
210	18	2.2800000000000002	2.515
210	19	1.1500000000000001	2.56
210	20	2.045	2.485
210	21	1.695	2.485
210	22	0.43	2.44
211	4	2.98	2.5500000000000003
211	5	3.495	2.5500000000000003
211	18	2.295	2.505
211	19	1.095	2.59
211	20	2.025	2.495
211	21	1.71	2.485
211	22	0.39	2.475
212	4	2.99	2.495
212	5	3.465	2.545
212	18	2.25	2.54
212	19	1.0150000000000001	2.56
212	20	2.015	2.495
212	21	1.72	2.475
212	22	0.38	2.43
213	4	3.0100000000000002	2.43
213	5	3.505	2.535
213	18	2.2800000000000002	2.505
213	19	0.965	2.62
213	20	2.025	2.475
213	21	1.71	2.465
213	22	0.335	2.455
214	4	3.045	2.485
214	5	3.525	2.43
214	18	2.3000000000000003	2.505
214	19	0.915	2.58
214	20	2.035	2.485
214	21	1.665	2.455
215	4	3.035	2.45
215	5	3.5100000000000002	2.495
215	18	2.255	2.505
215	19	0.84	2.56
215	20	1.98	2.445
215	21	1.655	2.455
216	4	3.045	2.525
216	5	3.515	2.535
216	18	2.29	2.52
216	19	0.745	2.56
216	20	2.0	2.475
216	21	1.7	2.485
217	4	3.065	2.495
217	5	3.535	2.54
217	18	2.305	2.52
217	19	0.6	2.67
217	20	2.02	2.475
217	21	1.7	2.485
218	4	3.085	2.5300000000000002
218	5	3.5700000000000003	2.575
218	18	2.325	2.5300000000000002
218	19	0.5700000000000001	2.625
218	20	2.0100000000000002	2.44
218	21	1.69	2.45
219	4	3.105	2.485
219	5	3.5500000000000003	2.57
219	18	2.31	2.515
219	19	0.465	2.6550000000000002
219	20	2.055	2.465
219	21	1.7	2.455
220	4	3.12	2.495
220	5	3.605	2.57
220	18	2.355	2.5100000000000002
220	19	0.465	2.6550000000000002
220	20	2.045	2.465
220	21	1.675	2.44
221	4	3.12	2.465
221	5	3.595	2.545
221	18	2.3000000000000003	2.52
221	20	1.99	2.46
221	21	1.665	2.47
222	4	3.115	2.465
222	5	3.58	2.505
222	18	2.2800000000000002	2.495
222	20	1.99	2.44
222	21	1.6	2.46
222	23	2.455	2.455
223	4	3.11	2.44
223	5	3.595	2.495
223	18	2.2600000000000002	2.5100000000000002
223	20	1.98	2.45
223	21	1.6	2.46
223	23	2.445	2.475
224	4	3.085	2.46
224	5	3.595	2.475
224	18	2.24	2.52
224	20	1.935	2.43
224	21	1.58	2.46
224	23	2.44	2.465
225	4	3.105	2.505
225	5	3.6550000000000002	2.535
225	18	2.205	2.54
225	20	1.935	2.495
225	21	1.56	2.455
225	23	2.465	2.475
226	4	3.105	2.505
226	5	3.605	2.56
226	18	2.19	2.5500000000000003
226	20	1.905	2.485
226	21	1.53	2.445
226	23	2.485	2.475
227	4	3.115	2.54
227	5	3.605	2.57
227	18	2.15	2.56
227	20	1.84	2.485
227	21	1.47	2.475
227	23	2.445	2.485
228	4	3.12	2.515
228	5	3.585	2.56
228	18	2.12	2.535
228	20	1.86	2.495
228	21	1.46	2.485
228	23	2.44	2.485
229	4	3.11	2.465
229	5	3.595	2.535
229	18	2.12	2.505
229	20	1.83	2.465
229	21	1.44	2.445
229	23	2.465	2.485
230	4	3.14	2.475
230	5	3.615	2.515
230	18	2.09	2.515
230	20	1.805	2.485
230	21	1.3800000000000001	2.465
230	23	2.465	2.465
231	4	3.13	2.455
231	5	3.595	2.485
231	18	2.075	2.495
231	20	1.7850000000000001	2.445
231	21	1.37	2.465
231	23	2.45	2.455
232	4	3.14	2.465
232	5	3.625	2.535
232	18	2.02	2.52
232	20	1.76	2.485
232	21	1.28	2.475
232	23	2.46	2.45
233	4	3.1750000000000003	2.475
233	5	3.6350000000000002	2.525
233	18	2.02	2.5100000000000002
233	20	1.72	2.485
233	21	1.27	2.44
233	23	2.465	2.525
234	4	3.1550000000000002	2.515
234	5	3.595	2.56
234	18	1.99	2.5100000000000002
234	20	1.72	2.505
234	21	1.24	2.44
234	23	2.44	2.54
235	4	3.1550000000000002	2.495
235	5	3.625	2.595
235	18	1.99	2.5300000000000002
235	20	1.665	2.505
235	21	1.195	2.485
235	23	2.455	2.525
236	4	3.165	2.495
236	5	3.6350000000000002	2.585
236	18	1.96	2.54
236	20	1.635	2.495
236	21	1.175	2.45
236	23	2.44	2.505
237	4	3.1750000000000003	2.495
237	5	3.605	2.57
237	18	1.935	2.56
237	20	1.59	2.52
237	21	1.095	2.495
237	23	2.44	2.5300000000000002
238	4	3.145	2.485
238	5	3.605	2.57
238	18	1.915	2.56
238	20	1.55	2.495
238	21	1.065	2.485
238	23	2.42	2.525
239	4	3.165	2.465
239	5	3.605	2.535
239	18	1.885	2.545
239	20	1.53	2.495
239	21	0.99	2.455
239	23	2.42	2.525
240	4	3.13	2.475
240	5	3.625	2.535
240	18	1.85	2.535
240	20	1.485	2.495
240	21	0.93	2.485
240	23	2.38	2.495
241	4	3.13	2.5100000000000002
241	5	3.595	2.56
241	18	1.85	2.5500000000000003
241	20	1.445	2.495
241	21	0.8300000000000001	2.485
241	23	2.4	2.505
242	4	3.095	2.515
242	5	3.585	2.585
242	18	1.795	2.5500000000000003
242	20	1.355	2.485
242	21	0.755	2.5
242	23	2.38	2.495
243	4	3.1550000000000002	2.5300000000000002
243	5	3.605	2.595
243	18	1.7850000000000001	2.56
243	20	1.365	2.54
243	21	0.71	2.52
243	23	2.32	2.515
244	4	3.14	2.59
244	5	3.605	2.6550000000000002
244	18	1.735	2.615
244	20	1.305	2.58
244	21	0.635	2.5500000000000003
244	23	2.33	2.58
245	4	3.12	2.58
245	5	3.595	2.615
245	18	1.665	2.6350000000000002
245	20	1.25	2.57
245	21	0.58	2.54
245	23	2.31	2.5500000000000003
246	4	3.14	2.52
246	5	3.575	2.57
246	18	1.625	2.575
246	20	1.205	2.495
246	21	0.48	2.485
246	23	2.3000000000000003	2.5300000000000002
247	4	3.1550000000000002	2.505
247	5	3.5700000000000003	2.575
247	18	1.55	2.57
247	20	1.155	2.515
247	21	0.42	2.515
247	23	2.2600000000000002	2.5300000000000002
248	4	3.14	2.485
248	5	3.5500000000000003	2.505
248	18	1.485	2.585
248	20	1.075	2.455
248	21	0.34500000000000003	2.515
248	23	2.24	2.5300000000000002
249	4	3.105	2.47
249	5	3.5700000000000003	2.5300000000000002
249	18	1.4000000000000001	2.6350000000000002
249	20	1.0	2.52
249	21	0.325	2.5100000000000002
249	23	2.215	2.465
250	4	3.14	2.5100000000000002
250	5	3.54	2.54
250	18	1.355	2.575
250	20	0.9400000000000001	2.495
250	21	0.24	2.495
250	23	2.205	2.515
251	4	3.1550000000000002	2.52
251	5	3.54	2.575
251	18	1.335	2.615
251	20	0.785	2.505
251	23	2.185	2.485
252	4	3.115	2.54
252	5	3.5300000000000002	2.58
252	18	1.2550000000000001	2.605
252	20	0.735	2.515
252	23	2.1750000000000003	2.525
253	4	3.12	2.5300000000000002
253	5	3.515	2.57
253	18	1.155	2.58
253	20	0.625	2.54
253	23	2.14	2.52
254	4	3.095	2.505
254	5	3.505	2.56
254	18	1.04	2.57
254	20	0.505	2.5500000000000003
254	23	2.105	2.5500000000000003
255	4	3.12	2.485
255	5	3.495	2.57
255	18	1.01	2.605
255	20	0.47500000000000003	2.525
255	23	2.105	2.5300000000000002
256	4	3.085	2.5100000000000002
256	5	3.475	2.56
256	18	0.925	2.615
256	20	0.41000000000000003	2.52
256	23	2.055	2.54
257	4	3.055	2.505
257	5	3.465	2.5500000000000003
257	18	0.86	2.67
257	20	0.315	2.45
257	23	2.035	2.54
258	4	3.065	2.5300000000000002
258	5	3.495	2.59
258	18	0.8200000000000001	2.665
258	23	2.025	2.595
259	4	3.095	2.56
259	5	3.515	2.615
259	18	0.6900000000000001	2.69
259	23	1.97	2.5500000000000003
260	4	3.085	2.605
260	5	3.495	2.645
260	18	0.61	2.74
260	23	1.925	2.615
261	4	3.055	2.6
261	5	3.485	2.6750000000000003
261	18	0.55	2.775
261	23	1.9000000000000001	2.625
262	4	3.045	2.58
262	5	3.485	2.645
262	18	0.485	2.83
262	23	1.9000000000000001	2.615
263	4	3.035	2.5300000000000002
263	5	3.455	2.605
263	18	0.47500000000000003	2.84
263	23	1.87	2.615
264	4	3.025	2.52
264	5	3.44	2.59
264	18	0.355	2.86
264	23	1.82	2.62
265	4	3.025	2.5100000000000002
265	5	3.465	2.58
265	23	1.81	2.645
266	4	3.005	2.5100000000000002
266	5	3.42	2.59
266	23	1.715	2.73
267	4	3.025	2.495
267	5	3.43	2.54
267	23	1.7550000000000001	2.615
268	4	2.98	2.52
268	5	3.41	2.57
268	23	1.735	2.66
269	4	2.98	2.5100000000000002
269	5	3.42	2.56
269	23	1.7	2.6350000000000002
270	4	2.955	2.5
270	5	3.42	2.58
270	23	1.645	2.645
271	4	2.935	2.45
271	5	3.4250000000000003	2.5300000000000002
271	23	1.6500000000000001	2.625
272	4	2.955	2.45
272	5	3.4	2.535
272	23	1.6	2.6350000000000002
273	4	2.9050000000000002	2.475
273	5	3.41	2.485
273	23	1.53	2.615
274	4	2.935	2.45
274	5	3.41	2.495
274	23	1.485	2.625
275	4	2.915	2.47
275	5	3.375	2.54
275	23	1.365	2.65
276	4	2.9250000000000003	2.45
276	5	3.4	2.515
276	23	1.25	2.715
277	4	2.9250000000000003	2.485
277	5	3.395	2.56
277	23	1.105	2.67
278	4	2.9250000000000003	2.5100000000000002
278	5	3.4250000000000003	2.5500000000000003
278	23	1.045	2.8000000000000003
279	4	2.9250000000000003	2.47
279	5	3.4450000000000003	2.54
279	23	0.91	2.74
280	4	2.955	2.45
280	5	3.4450000000000003	2.505
280	23	0.85	2.63
281	4	2.915	2.45
281	5	3.42	2.485
281	23	0.73	2.56
282	4	2.915	2.45
282	5	3.41	2.485
282	23	0.71	2.45
283	4	2.935	2.46
283	5	3.495	2.515
283	24	1.7850000000000001	2.43
283	25	1.955	2.445
284	4	2.9050000000000002	2.5300000000000002
284	5	3.455	2.52
284	24	1.76	2.465
284	25	1.97	2.465
285	4	2.945	2.5300000000000002
285	5	3.485	2.57
285	24	1.7750000000000001	2.455
285	25	1.97	2.485
286	4	2.955	2.5300000000000002
286	5	3.485	2.595
286	24	1.795	2.475
286	25	1.98	2.485
287	4	2.955	2.57
287	5	3.485	2.59
287	24	1.84	2.495
287	25	2.0100000000000002	2.505
288	4	2.99	2.5300000000000002
288	5	3.515	2.54
288	24	1.87	2.495
288	25	2.045	2.475
289	4	3.065	2.5
289	5	3.595	2.52
289	24	1.935	2.485
289	25	2.085	2.465
290	4	3.11	2.5
290	5	3.68	2.5100000000000002
290	24	1.97	2.495
290	25	2.14	2.495
290	26	0.46	2.3850000000000002
291	4	3.13	2.485
291	5	3.69	2.5100000000000002
291	24	2.02	2.485
291	25	2.215	2.485
291	26	0.525	2.365
292	4	3.1750000000000003	2.5100000000000002
292	5	3.73	2.54
292	24	2.035	2.475
292	25	2.225	2.46
292	26	0.555	2.3850000000000002
293	4	3.1950000000000003	2.515
293	5	3.7	2.5300000000000002
293	24	2.045	2.46
293	25	2.205	2.475
293	26	0.52	2.38
294	4	3.215	2.505
294	5	3.785	2.54
294	24	2.045	2.47
294	25	2.225	2.46
294	26	0.52	2.365
295	4	3.215	2.5100000000000002
295	5	3.81	2.54
295	24	2.045	2.485
295	25	2.245	2.47
295	26	0.53	2.375
295	27	2.52	2.455
296	4	3.315	2.495
296	5	3.895	2.57
296	24	2.095	2.485
296	25	2.285	2.47
296	26	0.59	2.395
296	27	2.57	2.44
297	4	3.365	2.46
297	5	3.96	2.52
297	24	2.16	2.47
297	25	2.345	2.46
297	26	0.6	2.41
297	27	2.625	2.445
298	4	3.455	2.455
298	5	4.0	2.5300000000000002
298	24	2.1750000000000003	2.47
298	25	2.365	2.44
298	26	0.68	2.395
298	27	2.6350000000000002	2.4050000000000002
299	4	3.465	2.5100000000000002
299	5	4.005	2.54
299	24	2.185	2.5
299	25	2.375	2.485
299	26	0.645	2.375
299	27	2.645	2.445
300	4	3.475	2.475
300	5	4.055	2.5100000000000002
300	24	2.195	2.46
300	25	2.395	2.44
300	26	0.67	2.3850000000000002
300	27	2.665	2.435
301	4	3.505	2.485
301	5	3.995	2.5
301	24	2.185	2.475
301	25	2.42	2.44
301	26	0.67	2.365
301	27	2.69	2.435
302	4	3.5100000000000002	2.47
302	5	4.095	2.56
302	24	2.215	2.485
302	25	2.445	2.45
302	26	0.68	2.335
302	27	2.71	2.42
303	4	3.52	2.495
303	5	4.11	2.5500000000000003
303	24	2.215	2.47
303	25	2.44	2.465
303	26	0.63	2.345
303	27	2.725	2.43
304	4	3.56	2.46
304	5	4.1450000000000005	2.54
304	24	2.25	2.485
304	25	2.455	2.475
304	26	0.61	2.365
304	27	2.765	2.4050000000000002
305	4	3.6350000000000002	2.485
305	5	4.1850000000000005	2.56
305	24	2.295	2.505
305	25	2.495	2.475
305	26	0.72	2.4
305	27	2.795	2.445
306	4	3.685	2.5
306	5	4.2700000000000005	2.5500000000000003
306	24	2.365	2.485
306	25	2.585	2.465
306	26	0.73	2.39
306	27	2.89	2.42
307	4	3.745	2.5100000000000002
307	5	4.365	2.54
307	24	2.375	2.515
307	25	2.625	2.475
307	26	0.79	2.39
307	27	2.935	2.42
307	28	1.735	2.475
308	4	3.84	2.5100000000000002
308	5	4.4	2.5300000000000002
308	24	2.3850000000000002	2.495
308	25	2.625	2.465
308	26	0.8300000000000001	2.335
308	27	2.945	2.42
308	28	1.71	2.475
309	4	3.83	2.47
309	5	4.43	2.5300000000000002
309	24	2.3850000000000002	2.475
309	25	2.6350000000000002	2.475
309	26	0.86	2.36
309	27	3.005	2.42
309	28	1.69	2.475
309	29	1.7850000000000001	2.43
310	4	3.9050000000000002	2.5300000000000002
310	5	4.515	2.56
310	24	2.395	2.475
310	25	2.6350000000000002	2.495
310	26	0.81	2.38
310	27	3.0	2.42
310	28	1.675	2.475
310	29	1.7650000000000001	2.465
311	4	3.915	2.485
311	5	4.55	2.59
311	24	2.42	2.505
311	25	2.6550000000000002	2.47
311	26	0.81	2.38
311	27	3.005	2.44
311	28	1.655	2.475
311	29	1.7550000000000001	2.455
312	4	3.935	2.5100000000000002
312	5	4.57	2.56
312	24	2.4050000000000002	2.495
312	25	2.66	2.505
312	26	0.765	2.355
312	27	3.035	2.44
312	28	1.6400000000000001	2.475
312	29	1.795	2.455
313	4	3.975	2.535
313	5	4.635	2.5500000000000003
313	24	2.435	2.525
313	25	2.7	2.5100000000000002
313	26	0.785	2.4
313	27	3.045	2.465
313	28	1.62	2.475
313	29	1.805	2.485
314	4	4.045	2.52
314	5	4.6450000000000005	2.5100000000000002
314	24	2.42	2.515
314	25	2.71	2.495
314	26	0.745	2.365
314	27	3.075	2.45
314	28	1.605	2.475
314	29	1.86	2.45
315	4	4.075	2.485
315	5	4.66	2.5100000000000002
315	24	2.43	2.5100000000000002
315	25	2.71	2.47
315	26	0.72	2.365
315	27	3.055	2.43
315	28	1.585	2.475
315	29	1.885	2.43
316	4	4.065	2.5100000000000002
316	5	4.68	2.54
316	24	2.41	2.52
316	25	2.72	2.52
316	26	0.775	2.3850000000000002
316	27	3.065	2.44
316	28	1.56	2.475
316	29	1.905	2.455
317	4	4.165	2.485
317	5	4.735	2.52
317	24	2.4	2.47
317	25	2.73	2.495
317	26	0.71	2.335
317	27	3.075	2.41
317	28	1.545	2.44
317	29	1.905	2.42
318	4	4.1850000000000005	2.47
318	5	4.745	2.5500000000000003
318	24	2.42	2.5100000000000002
318	25	2.68	2.505
318	26	0.685	2.335
318	27	3.0500000000000003	2.44
318	28	1.5050000000000001	2.46
318	29	1.905	2.445
319	4	4.195	2.5100000000000002
319	5	4.755	2.58
319	24	2.365	2.52
319	25	2.69	2.535
319	26	0.635	2.37
319	27	3.045	2.46
319	28	1.485	2.485
319	29	1.905	2.485
320	4	4.195	2.57
320	5	4.785	2.6350000000000002
320	24	2.355	2.57
320	25	2.68	2.5500000000000003
320	26	0.5700000000000001	2.41
320	27	3.075	2.495
320	28	1.41	2.5100000000000002
320	29	1.935	2.515
321	4	4.205	2.54
321	5	4.83	2.66
321	24	2.345	2.595
321	25	2.67	2.56
321	26	0.605	2.44
321	27	3.085	2.5100000000000002
321	28	1.395	2.5100000000000002
321	29	1.955	2.505
322	4	4.1850000000000005	2.52
322	5	4.875	2.6350000000000002
322	24	2.345	2.59
322	25	2.68	2.535
322	26	0.625	2.39
322	27	3.105	2.485
322	28	1.345	2.5100000000000002
322	29	1.97	2.495
323	4	4.24	2.5300000000000002
323	5	4.8500000000000005	2.58
323	24	2.32	2.595
323	25	2.65	2.56
323	26	0.5700000000000001	2.44
323	27	3.085	2.5
323	28	1.3	2.5300000000000002
323	29	1.965	2.505
324	4	4.215	2.575
324	5	4.84	2.61
324	24	2.2600000000000002	2.595
324	25	2.6350000000000002	2.58
324	26	0.525	2.41
324	27	3.065	2.495
324	28	1.215	2.5300000000000002
324	29	1.965	2.525
325	4	4.29	2.56
325	5	4.8500000000000005	2.6
325	24	2.225	2.54
325	25	2.615	2.58
325	26	0.47500000000000003	2.42
325	27	3.075	2.495
325	28	1.1300000000000001	2.515
325	29	2.0	2.515
325	30	2.775	2.485
326	4	4.235	2.58
326	5	4.905	2.6
326	24	2.22	2.57
326	25	2.605	2.58
326	26	0.47500000000000003	2.365
326	27	3.085	2.485
326	28	1.1400000000000001	2.495
326	29	2.0	2.485
326	30	2.795	2.5
327	4	4.315	2.57
327	5	4.865	2.6
327	24	2.215	2.57
327	25	2.57	2.57
327	26	0.41000000000000003	2.3850000000000002
327	27	3.065	2.485
327	30	2.775	2.465
328	4	4.3100000000000005	2.59
328	5	4.915	2.6350000000000002
328	24	2.11	2.58
328	25	2.54	2.5500000000000003
328	26	0.385	2.395
328	27	3.045	2.485
328	30	2.775	2.485
329	4	4.305	2.5500000000000003
329	5	4.97	2.61
329	24	2.13	2.59
329	25	2.615	2.57
329	26	0.385	2.355
329	27	3.11	2.485
329	30	2.775	2.5
330	4	4.345	2.52
330	5	4.98	2.625
330	24	2.065	2.57
330	25	2.5300000000000002	2.575
330	26	0.34500000000000003	2.4
330	27	3.065	2.485
330	30	2.745	2.485
331	4	4.305	2.54
331	5	4.9350000000000005	2.58
331	24	2.0	2.585
331	25	2.505	2.595
331	26	0.28	2.345
331	27	3.015	2.475
331	30	2.725	2.45
332	4	4.36	2.52
332	5	4.98	2.54
332	24	2.02	2.545
332	25	2.44	2.56
332	26	0.25	2.4
332	27	3.035	2.485
332	30	2.715	2.52
333	4	4.345	2.5100000000000002
333	5	5.005	2.5500000000000003
333	24	1.98	2.515
333	25	2.4	2.57
333	27	2.97	2.455
333	30	2.7	2.475
334	4	4.355	2.5100000000000002
334	5	4.98	2.59
334	24	1.875	2.54
334	25	2.375	2.59
334	27	2.97	2.43
334	30	2.6750000000000003	2.465
335	4	4.315	2.5500000000000003
335	5	4.98	2.57
335	24	1.84	2.58
335	25	2.325	2.595
335	27	2.95	2.465
335	30	2.665	2.485
336	4	4.335	2.52
336	5	4.99	2.6350000000000002
336	24	1.7850000000000001	2.57
336	25	2.2800000000000002	2.605
336	27	2.97	2.475
336	30	2.6350000000000002	2.455
337	4	4.335	2.54
337	5	4.9350000000000005	2.57
337	24	1.75	2.615
337	25	2.27	2.595
337	27	2.99	2.495
337	30	2.625	2.465
338	4	4.315	2.5300000000000002
338	5	4.97	2.645
338	24	1.6600000000000001	2.615
338	25	2.185	2.57
338	27	2.97	2.485
338	30	2.615	2.505
339	4	4.345	2.495
339	5	4.99	2.61
339	24	1.58	2.625
339	25	2.15	2.605
339	27	2.9250000000000003	2.495
339	30	2.595	2.505
340	4	4.365	2.5500000000000003
340	5	4.99	2.61
340	24	1.5150000000000001	2.6350000000000002
340	25	2.0300000000000002	2.645
340	27	2.9250000000000003	2.505
340	30	2.57	2.5500000000000003
341	4	4.375	2.54
341	5	5.015	2.56
341	24	1.495	2.57
341	25	1.99	2.645
341	27	2.915	2.475
341	30	2.505	2.515
342	4	4.325	2.56
342	5	5.005	2.59
342	24	1.3900000000000001	2.61
342	25	1.98	2.685
342	27	2.915	2.495
342	30	2.525	2.495
343	4	4.335	2.5300000000000002
343	5	5.035	2.59
343	24	1.315	2.605
343	25	1.925	2.6750000000000003
343	27	2.915	2.45
343	30	2.505	2.46
344	4	4.38	2.5
344	5	5.005	2.56
344	24	1.215	2.625
344	25	1.865	2.605
344	27	2.93	2.4
344	30	2.5100000000000002	2.44
345	4	4.335	2.5500000000000003
345	5	5.065	2.59
345	24	1.075	2.68
345	25	1.84	2.625
345	27	2.9	2.45
345	30	2.495	2.47
346	4	4.375	2.5300000000000002
346	5	5.055	2.61
346	24	0.98	2.735
346	25	1.745	2.6550000000000002
346	27	2.87	2.495
346	30	2.485	2.5100000000000002
347	4	4.375	2.54
347	5	5.055	2.58
347	24	0.86	2.73
347	25	1.645	2.68
347	27	2.87	2.495
347	30	2.43	2.5100000000000002
348	4	4.335	2.52
348	5	5.035	2.61
348	24	0.74	2.71
348	25	1.475	2.815
348	27	2.79	2.485
348	30	2.41	2.54
349	4	4.295	2.52
349	5	4.98	2.56
349	24	0.5700000000000001	2.685
349	25	1.245	2.795
349	27	2.71	2.505
349	30	2.345	2.54
350	4	4.225	2.5500000000000003
350	5	4.9350000000000005	2.57
350	24	0.33	2.7
350	25	1.095	2.83
350	27	2.66	2.475
350	30	2.25	2.505
351	4	4.225	2.57
351	5	4.9350000000000005	2.615
351	25	0.8150000000000001	2.795
351	27	2.645	2.495
351	30	2.24	2.505
352	4	4.1850000000000005	2.5500000000000003
352	5	4.905	2.61
352	25	0.7000000000000001	2.59
352	27	2.6	2.485
352	30	2.23	2.515
353	4	4.1850000000000005	2.545
353	5	4.95	2.62
353	25	0.595	2.49
353	27	2.58	2.52
353	30	2.18	2.525
354	4	4.175	2.5300000000000002
354	5	4.915	2.61
354	27	2.5500000000000003	2.485
354	30	2.205	2.525
