1	9	5.1450000000000005	1.955
1	15	2.74	2.63
1	19	6.54	2.825
2	9	5.125	1.955
2	15	2.79	2.62
2	19	6.48	2.825
3	9	5.105	1.965
3	15	2.84	2.6
3	19	6.3950000000000005	2.825
4	9	5.075	1.975
4	15	2.91	2.585
4	19	6.305	2.83
5	9	5.045	1.985
5	15	2.97	2.575
5	19	6.215	2.83
6	9	5.025	1.995
6	15	3.04	2.555
6	19	6.115	2.82
7	9	4.995	2.005
7	15	3.095	2.545
7	19	6.0200000000000005	2.825
8	9	4.965	2.005
8	15	3.165	2.5300000000000002
8	19	5.92	2.825
9	9	4.9350000000000005	2.025
9	15	3.225	2.5100000000000002
9	19	5.815	2.815
10	9	4.8950000000000005	2.035
10	15	3.295	2.5
10	19	5.71	2.82
11	9	4.845	2.045
11	15	3.355	2.48
11	19	5.61	2.81
12	9	4.785	2.055
12	15	3.41	2.465
12	19	5.505	2.8000000000000003
13	9	4.735	2.075
13	15	3.47	2.455
13	19	5.405	2.8000000000000003
14	9	4.665	2.085
14	15	3.52	2.435
14	19	5.29	2.79
15	9	4.605	2.105
15	15	3.5700000000000003	2.42
15	19	5.195	2.785
16	9	4.535	2.115
16	15	3.61	2.4
16	19	5.095	2.785
17	9	4.4750000000000005	2.125
17	11	7.335	3.3850000000000002
17	15	3.645	2.39
17	19	4.99	2.775
18	9	4.405	2.1350000000000002
18	11	7.29	3.375
18	15	3.6750000000000003	2.37
18	19	4.9	2.765
19	9	4.335	2.145
19	11	7.24	3.35
19	15	3.715	2.355
19	19	4.795	2.755
20	9	4.275	2.1550000000000002
20	11	7.18	3.33
20	15	3.745	2.345
20	19	4.7	2.745
21	9	4.225	2.1550000000000002
21	11	7.12	3.305
21	15	3.785	2.325
21	19	4.6000000000000005	2.73
22	9	4.175	2.1550000000000002
22	11	7.055	3.285
22	12	7.365	3.185
22	15	3.81	2.31
22	19	4.515	2.72
23	9	4.135	2.1550000000000002
23	11	6.995	3.2600000000000002
23	12	7.325	3.165
23	15	3.83	2.31
23	19	4.4350000000000005	2.71
24	9	4.095	2.1550000000000002
24	11	6.9350000000000005	3.235
24	12	7.275	3.15
24	15	3.85	2.3000000000000003
24	19	4.365	2.69
25	9	4.055	2.1550000000000002
25	11	6.875	3.215
25	12	7.215	3.13
25	15	3.87	2.29
25	19	4.315	2.665
26	9	4.025	2.1550000000000002
26	11	6.8100000000000005	3.19
26	12	7.155	3.11
26	15	3.89	2.285
26	19	4.285	2.645
27	9	4.005	2.1550000000000002
27	11	6.75	3.17
27	12	7.095	3.085
27	15	3.91	2.285
27	19	4.26	2.625
28	9	3.995	2.1550000000000002
28	11	6.69	3.145
28	12	7.03	3.065
28	15	3.92	2.285
28	19	4.26	2.6
29	9	3.985	2.1550000000000002
29	11	6.62	3.12
29	12	6.97	3.04
29	15	3.93	2.275
29	19	4.26	2.58
30	9	3.975	2.1550000000000002
30	11	6.555	3.1
30	12	6.91	3.02
30	15	3.95	2.27
30	19	4.28	2.555
31	9	3.975	2.1550000000000002
31	11	6.495	3.075
31	12	6.86	3.0
31	15	3.96	2.27
31	19	4.29	2.535
32	9	3.9650000000000003	2.1550000000000002
32	11	6.4350000000000005	3.055
32	12	6.8	2.985
32	15	3.98	2.27
32	19	4.3100000000000005	2.5100000000000002
33	9	3.9650000000000003	2.165
33	11	6.375	3.0300000000000002
33	12	6.74	2.965
33	15	3.99	2.27
33	19	4.33	2.49
34	9	3.955	2.165
34	11	6.3100000000000005	3.0100000000000002
34	12	6.68	2.94
34	15	4.01	2.2600000000000002
34	19	4.3500000000000005	2.47
35	9	3.955	2.165
35	11	6.25	2.975
35	12	6.62	2.92
35	15	4.0200000000000005	2.255
35	19	4.37	2.445
36	9	3.9450000000000003	2.165
36	11	6.19	2.95
36	12	6.5600000000000005	2.9
36	15	4.03	2.255
36	19	4.39	2.4250000000000003
37	9	3.9450000000000003	2.1750000000000003
37	11	6.13	2.93
37	12	6.5	2.875
37	15	4.05	2.255
37	19	4.405	2.4
38	9	3.9450000000000003	2.1750000000000003
38	11	6.065	2.9050000000000002
38	12	6.44	2.855
38	15	4.0600000000000005	2.255
38	19	4.425	2.38
39	9	3.935	2.1750000000000003
39	11	6.005	2.8850000000000002
39	12	6.38	2.83
39	15	4.08	2.245
39	19	4.445	2.36
40	9	3.935	2.1750000000000003
40	11	5.945	2.86
40	12	6.32	2.81
40	15	4.09	2.24
40	19	4.465	2.335
41	9	3.9250000000000003	2.1750000000000003
41	11	5.88	2.835
41	12	6.26	2.795
41	13	7.525	3.375
41	15	4.1	2.24
41	19	4.485	2.315
42	9	3.9250000000000003	2.185
42	11	5.82	2.815
42	12	6.21	2.775
42	13	7.485	3.37
42	15	4.11	2.24
42	19	4.505	2.29
43	9	3.915	2.185
43	11	5.75	2.79
43	12	6.15	2.755
43	13	7.4350000000000005	3.34
43	15	4.11	2.24
43	19	4.515	2.27
44	9	3.915	2.185
44	11	5.69	2.77
44	12	6.09	2.73
44	13	7.385	3.3200000000000003
44	15	4.12	2.24
44	19	4.535	2.245
45	9	3.9050000000000002	2.185
45	11	5.625	2.745
45	12	6.03	2.71
45	13	7.32	3.29
45	15	4.12	2.235
45	19	4.545	2.225
46	9	3.9050000000000002	2.185
46	11	5.565	2.725
46	12	5.97	2.685
46	13	7.26	3.255
46	15	4.12	2.235
46	19	4.55	2.2
47	9	3.9050000000000002	2.185
47	11	5.505	2.7
47	12	5.92	2.6750000000000003
47	13	7.195	3.225
47	15	4.12	2.235
47	19	4.54	2.18
48	9	3.9050000000000002	2.185
48	11	5.445	2.6750000000000003
48	12	5.86	2.6550000000000002
48	13	7.125	3.1950000000000003
48	15	4.13	2.235
48	19	4.53	2.1550000000000002
49	9	3.895	2.195
49	11	5.3950000000000005	2.6550000000000002
49	12	5.8100000000000005	2.63
49	13	7.065	3.165
49	15	4.13	2.235
49	19	4.5	2.14
50	9	3.895	2.185
50	11	5.33	2.64
50	12	5.76	2.62
50	13	6.995	3.13
50	15	4.13	2.235
50	19	4.47	2.12
51	9	3.895	2.185
51	11	5.28	2.62
51	12	5.71	2.595
51	13	6.925	3.11
51	15	4.13	2.235
51	19	4.42	2.105
52	9	3.895	2.185
52	11	5.23	2.605
52	12	5.66	2.585
52	13	6.86	3.085
52	15	4.13	2.235
52	19	4.365	2.095
53	9	3.895	2.185
53	11	5.19	2.595
53	12	5.61	2.565
53	13	6.79	3.06
53	15	4.14	2.24
53	19	4.315	2.085
54	9	3.895	2.185
54	11	5.15	2.58
54	12	5.5600000000000005	2.5500000000000003
54	13	6.7250000000000005	3.045
54	15	4.14	2.23
54	19	4.255	2.085
55	9	3.895	2.185
55	11	5.1000000000000005	2.58
55	12	5.5	2.5300000000000002
55	13	6.66	3.0300000000000002
55	15	4.14	2.23
55	19	4.195	2.075
56	9	3.8850000000000002	2.185
56	11	5.0600000000000005	2.565
56	12	5.45	2.515
56	13	6.6000000000000005	3.005
56	15	4.14	2.23
56	19	4.125	2.065
57	9	3.8850000000000002	2.185
57	11	5.0200000000000005	2.555
57	12	5.4	2.495
57	13	6.545	2.985
57	15	4.14	2.23
57	19	4.065	2.065
58	9	3.8850000000000002	2.185
58	11	4.98	2.54
58	12	5.3500000000000005	2.475
58	13	6.495	2.96
58	15	4.15	2.23
58	19	3.99	2.055
59	9	3.8850000000000002	2.185
59	11	4.94	2.525
59	12	5.3	2.46
59	13	6.445	2.935
59	15	4.15	2.23
59	19	3.92	2.05
60	9	3.8850000000000002	2.19
60	11	4.905	2.515
60	12	5.26	2.44
60	13	6.3950000000000005	2.9
60	15	4.15	2.23
60	19	3.84	2.04
61	9	3.8850000000000002	2.19
61	11	4.865	2.5
61	12	5.21	2.4250000000000003
61	13	6.34	2.88
61	15	4.15	2.235
61	19	3.7600000000000002	2.04
62	9	3.8850000000000002	2.19
62	11	4.845	2.49
62	12	5.18	2.415
62	13	6.3	2.845
62	15	4.15	2.235
62	19	3.68	2.04
63	9	3.8850000000000002	2.19
63	11	4.815	2.465
63	12	5.15	2.395
63	13	6.26	2.82
63	15	4.16	2.225
63	19	3.605	2.035
64	9	3.875	2.19
64	11	4.785	2.445
64	12	5.12	2.38
64	13	6.23	2.785
64	15	4.16	2.225
64	19	3.535	2.035
65	9	3.875	2.19
65	11	4.755	2.43
65	12	5.09	2.37
65	13	6.2	2.765
65	15	4.16	2.225
65	19	3.465	2.035
66	9	3.875	2.19
66	11	4.715	2.41
66	12	5.0600000000000005	2.355
66	13	6.165	2.73
66	15	4.16	2.225
66	19	3.395	2.0300000000000002
67	9	3.875	2.19
67	11	4.6850000000000005	2.395
67	12	5.03	2.335
67	13	6.1450000000000005	2.705
67	15	4.16	2.225
67	19	3.325	2.0300000000000002
68	9	3.875	2.19
68	11	4.655	2.375
68	12	5.0	2.325
68	13	6.115	2.685
68	15	4.17	2.225
68	19	3.25	2.0300000000000002
69	9	3.875	2.19
69	11	4.625	2.36
69	12	4.98	2.31
69	13	6.095	2.65
69	15	4.17	2.23
69	19	3.18	2.0300000000000002
70	9	3.875	2.19
70	11	4.605	2.34
70	12	4.96	2.3000000000000003
70	13	6.065	2.625
70	15	4.17	2.23
70	19	3.12	2.025
71	9	3.875	2.19
71	11	4.58	2.315
71	12	4.95	2.285
71	13	6.05	2.605
71	15	4.17	2.23
71	19	3.0500000000000003	2.035
72	9	3.865	2.19
72	11	4.57	2.305
72	12	4.94	2.265
72	13	6.03	2.58
72	15	4.17	2.23
72	19	2.98	2.035
73	9	3.865	2.19
73	11	4.57	2.2800000000000002
73	12	4.94	2.25
73	13	6.01	2.555
73	15	4.18	2.22
73	19	2.92	2.035
74	9	3.86	2.19
74	11	4.5600000000000005	2.27
74	12	4.94	2.24
74	13	5.99	2.535
74	15	4.18	2.22
74	19	2.86	2.035
75	9	3.87	2.19
75	11	4.5600000000000005	2.245
75	12	4.93	2.22
75	13	5.98	2.5100000000000002
75	15	4.18	2.22
75	19	2.82	2.045
76	9	3.87	2.19
76	11	4.5600000000000005	2.225
76	12	4.92	2.205
76	13	5.955	2.49
76	15	4.18	2.225
76	19	2.7800000000000002	2.045
77	9	3.87	2.19
77	11	4.5600000000000005	2.21
77	12	4.91	2.185
77	13	5.9350000000000005	2.465
77	15	4.18	2.225
77	19	2.7600000000000002	2.055
78	9	3.87	2.19
78	11	4.57	2.19
78	12	4.9	2.16
78	13	5.925	2.43
78	15	4.18	2.225
78	19	2.75	2.07
79	9	3.87	2.18
79	11	4.58	2.1750000000000003
79	12	4.885	2.15
79	13	5.905	2.41
79	15	4.19	2.225
79	19	2.75	2.08
80	9	3.87	2.18
80	11	4.585	2.1550000000000002
80	12	4.885	2.13
80	13	5.885	2.3850000000000002
80	15	4.19	2.225
80	19	2.75	2.09
81	9	3.88	2.18
81	11	4.595	2.13
81	12	4.885	2.115
81	13	5.87	2.36
81	15	4.19	2.225
81	19	2.7600000000000002	2.095
82	9	3.88	2.18
82	11	4.615	2.12
82	12	4.8950000000000005	2.105
82	13	5.8500000000000005	2.34
82	15	4.19	2.225
82	19	2.7800000000000002	2.105
83	9	3.88	2.18
83	11	4.625	2.1
83	12	4.905	2.095
83	13	5.84	2.315
83	15	4.1850000000000005	2.225
83	19	2.8000000000000003	2.115
84	9	3.88	2.185
84	11	4.6450000000000005	2.085
84	12	4.915	2.08
84	13	5.82	2.295
84	15	4.1850000000000005	2.225
84	19	2.83	2.13
85	9	3.88	2.185
85	11	4.655	2.065
85	12	4.925	2.07
85	13	5.8100000000000005	2.27
85	15	4.1850000000000005	2.225
85	19	2.86	2.14
86	9	3.88	2.185
86	11	4.67	2.04
86	12	4.9350000000000005	2.045
86	13	5.805	2.245
86	15	4.1850000000000005	2.225
86	19	2.89	2.1550000000000002
87	9	3.89	2.1750000000000003
87	11	4.69	2.0300000000000002
87	12	4.955	2.035
87	13	5.805	2.225
87	15	4.1850000000000005	2.225
87	19	2.93	2.1750000000000003
88	9	3.89	2.1750000000000003
88	11	4.71	2.02
88	12	4.9750000000000005	2.025
88	13	5.815	2.2
88	15	4.195	2.225
88	19	2.97	2.185
89	9	3.89	2.1750000000000003
89	11	4.74	1.995
89	12	4.995	2.015
89	13	5.825	2.18
89	15	4.205	2.225
89	19	3.0100000000000002	2.2
90	9	3.9	2.1750000000000003
90	11	4.76	1.985
90	12	5.015	2.0
90	13	5.845	2.165
90	15	4.215	2.225
90	19	3.06	2.21
91	9	3.91	2.1750000000000003
91	11	4.79	1.97
91	12	5.035	1.99
91	13	5.855	2.14
91	15	4.215	2.215
91	19	3.1	2.23
92	9	3.92	2.1750000000000003
92	11	4.82	1.96
92	12	5.065	1.98
92	13	5.875	2.12
92	15	4.225	2.21
92	19	3.14	2.245
93	9	3.93	2.1750000000000003
93	11	4.835	1.94
93	12	5.085	1.97
93	13	5.89	2.105
93	15	4.23	2.21
93	19	3.19	2.255
94	9	3.935	2.1750000000000003
94	11	4.865	1.925
94	12	5.115	1.955
94	13	5.91	2.085
94	15	4.24	2.21
94	19	3.23	2.2800000000000002
95	9	3.9450000000000003	2.1750000000000003
95	11	4.8950000000000005	1.915
95	12	5.135	1.945
95	13	5.93	2.06
95	15	4.25	2.21
95	19	3.2800000000000002	2.29
96	9	3.9450000000000003	2.1750000000000003
96	11	4.915	1.9000000000000001
96	12	5.165	1.925
96	13	5.95	2.045
96	15	4.26	2.2
96	19	3.34	2.3000000000000003
97	9	3.9450000000000003	2.165
97	11	4.945	1.8800000000000001
97	12	5.1850000000000005	1.905
97	13	5.97	2.025
97	15	4.2700000000000005	2.2
97	19	3.4050000000000002	2.315
98	9	3.9450000000000003	2.165
98	11	4.9750000000000005	1.87
98	12	5.215	1.8900000000000001
98	13	5.98	2.0
98	15	4.28	2.2
98	19	3.475	2.325
99	9	3.9450000000000003	2.165
99	11	5.0	1.855
99	12	5.245	1.87
99	13	6.01	1.98
99	15	4.29	2.2
99	19	3.545	2.335
100	9	3.94	2.165
100	11	5.03	1.845
100	12	5.285	1.85
100	13	6.025	1.965
100	15	4.3	2.2
100	19	3.615	2.35
101	9	3.94	2.165
101	11	5.0600000000000005	1.835
101	12	5.3100000000000005	1.84
101	13	6.045	1.94
101	15	4.3100000000000005	2.19
101	19	3.6950000000000003	2.35
102	9	3.94	2.1550000000000002
102	11	5.09	1.815
102	12	5.3500000000000005	1.83
102	13	6.075	1.92
102	15	4.32	2.19
102	19	3.765	2.36
103	9	3.93	2.1550000000000002
103	11	5.12	1.805
103	12	5.39	1.815
103	13	6.105	1.905
103	15	4.33	2.19
103	19	3.845	2.375
104	9	3.93	2.1550000000000002
104	11	5.15	1.795
104	12	5.42	1.805
104	13	6.135	1.885
104	15	4.335	2.19
104	19	3.915	2.3850000000000002
105	9	3.93	2.1550000000000002
105	11	5.175	1.7850000000000001
105	12	5.45	1.795
105	13	6.165	1.86
105	15	4.345	2.19
105	19	3.985	2.395
106	9	3.915	2.15
106	11	5.205	1.77
106	12	5.48	1.795
106	13	6.195	1.845
106	15	4.355	2.18
106	19	4.065	2.41
107	9	3.9050000000000002	2.15
107	11	5.235	1.76
107	12	5.51	1.78
107	13	6.22	1.825
107	15	4.355	2.18
107	19	4.135	2.42
108	9	3.895	2.15
108	11	5.275	1.75
108	12	5.54	1.78
108	13	6.25	1.81
108	15	4.355	2.18
108	19	4.215	2.43
109	9	3.8850000000000002	2.15
109	11	5.305	1.73
109	12	5.57	1.77
109	13	6.28	1.79
109	15	4.355	2.18
109	19	4.285	2.435
110	9	3.875	2.15
110	11	5.335	1.72
110	12	5.6000000000000005	1.77
110	13	6.3100000000000005	1.7750000000000001
110	15	4.345	2.19
110	19	4.365	2.445
111	9	3.865	2.15
111	11	5.365	1.715
111	12	5.63	1.7550000000000001
111	13	6.34	1.7650000000000001
111	15	4.345	2.19
111	19	4.445	2.445
112	9	3.855	2.16
112	11	5.3950000000000005	1.705
112	12	5.66	1.745
112	13	6.37	1.7550000000000001
112	15	4.335	2.19
112	19	4.525	2.455
113	9	3.85	2.17
113	11	5.425	1.695
113	12	5.69	1.735
113	13	6.4	1.74
113	15	4.335	2.19
113	19	4.595	2.47
114	9	3.86	2.17
114	11	5.455	1.685
114	12	5.72	1.725
114	13	6.43	1.73
114	15	4.32	2.19
114	19	4.675	2.47
115	9	3.86	2.18
115	11	5.485	1.67
115	12	5.75	1.715
115	13	6.46	1.73
115	15	4.32	2.19
115	19	4.765	2.48
116	9	3.87	2.18
116	11	5.515	1.67
116	12	5.78	1.7
116	13	6.49	1.715
116	15	4.32	2.19
116	16	7.4750000000000005	2.6750000000000003
116	19	4.845	2.495
117	9	3.88	2.18
117	11	5.545	1.6600000000000001
117	12	5.805	1.69
117	13	6.5200000000000005	1.705
117	15	4.3100000000000005	2.19
117	16	7.425	2.665
117	19	4.9350000000000005	2.495
118	9	3.88	2.19
118	11	5.575	1.6500000000000001
118	12	5.835	1.68
118	13	6.55	1.69
118	15	4.3100000000000005	2.19
118	16	7.36	2.65
118	19	5.025	2.505
119	9	3.8850000000000002	2.19
119	11	5.605	1.635
119	12	5.865	1.67
119	13	6.58	1.68
119	15	4.3100000000000005	2.19
119	16	7.275	2.64
119	19	5.115	2.52
120	9	3.895	2.19
120	11	5.635	1.625
120	12	5.8950000000000005	1.655
120	13	6.61	1.67
120	15	4.3100000000000005	2.19
120	16	7.175	2.625
120	19	5.205	2.5300000000000002
121	9	3.9050000000000002	2.2
121	11	5.665	1.625
121	12	5.925	1.655
121	13	6.640000000000001	1.655
121	15	4.315	2.19
121	16	7.07	2.6
121	19	5.285	2.545
122	9	3.9050000000000002	2.2
122	11	5.695	1.61
122	12	5.955	1.645
122	13	6.67	1.645
122	15	4.315	2.2
122	16	6.96	2.58
122	19	5.375	2.545
123	9	3.915	2.2
123	11	5.715	1.6
123	12	5.985	1.635
123	13	6.7	1.645
123	15	4.315	2.2
123	16	6.845	2.56
123	19	5.46	2.56
124	9	3.9250000000000003	2.21
124	11	5.75	1.59
124	12	6.015000000000001	1.62
124	13	6.73	1.6300000000000001
124	15	4.315	2.2
124	16	6.745	2.545
124	19	5.55	2.57
125	9	3.9250000000000003	2.21
125	11	5.78	1.58
125	12	6.045	1.61
125	13	6.76	1.62
125	15	4.315	2.2
125	16	6.63	2.525
125	19	5.63	2.585
126	9	3.935	2.215
126	11	5.8100000000000005	1.575
126	12	6.075	1.6
126	13	6.79	1.605
126	15	4.315	2.2
126	16	6.54	2.5100000000000002
126	19	5.72	2.595
127	9	3.935	2.225
127	11	5.84	1.565
127	12	6.105	1.6
127	13	6.82	1.595
127	15	4.315	2.2
127	16	6.445	2.5
127	19	5.8	2.605
128	9	3.9450000000000003	2.225
128	11	5.87	1.555
128	12	6.125	1.585
128	13	6.8500000000000005	1.585
128	15	4.315	2.2
128	16	6.355	2.485
128	19	5.8950000000000005	2.62
129	9	3.9450000000000003	2.235
129	11	5.9	1.545
129	12	6.155	1.575
129	13	6.88	1.57
129	15	4.315	2.2
129	16	6.2700000000000005	2.475
129	19	5.9750000000000005	2.63
130	9	3.9450000000000003	2.235
130	11	5.93	1.53
130	12	6.175	1.575
130	13	6.91	1.56
130	15	4.315	2.2
130	16	6.19	2.45
130	19	6.065	2.6350000000000002
131	9	3.9450000000000003	2.25
131	11	5.96	1.53
131	12	6.2	1.565
131	13	6.94	1.55
131	15	4.315	2.2
131	16	6.115	2.44
131	19	6.1450000000000005	2.645
132	9	3.955	2.25
132	11	5.99	1.52
132	12	6.22	1.55
132	13	6.97	1.545
132	15	4.315	2.21
132	16	6.045	2.4250000000000003
132	19	6.235	2.66
133	9	3.955	2.2600000000000002
133	11	6.0200000000000005	1.5050000000000001
133	12	6.25	1.55
133	13	7.0	1.5350000000000001
133	15	4.315	2.21
133	16	5.96	2.415
133	17	7.525	3.0300000000000002
133	19	6.32	2.67
134	9	3.96	2.2600000000000002
134	11	6.05	1.495
134	12	6.2700000000000005	1.54
134	13	7.0200000000000005	1.5250000000000001
134	15	4.315	2.21
134	16	5.89	2.39
134	17	7.48	3.025
134	19	6.41	2.68
135	9	3.96	2.27
135	11	6.08	1.495
135	12	6.29	1.53
135	13	7.05	1.5150000000000001
135	15	4.315	2.21
135	16	5.815	2.38
135	17	7.425	3.005
135	19	6.49	2.68
136	9	3.97	2.275
136	11	6.11	1.485
136	12	6.32	1.5250000000000001
136	13	7.065	1.5150000000000001
136	15	4.315	2.21
136	16	5.745	2.365
136	17	7.3500000000000005	2.995
136	19	6.58	2.69
137	9	3.97	2.285
137	11	6.13	1.475
137	12	6.34	1.5150000000000001
137	13	7.095	1.5050000000000001
137	15	4.325	2.21
137	16	5.66	2.355
137	17	7.265000000000001	2.975
137	19	6.675	2.69
138	9	3.97	2.285
138	11	6.16	1.46
138	12	6.37	1.5050000000000001
138	13	7.11	1.49
138	15	4.325	2.22
138	16	5.59	2.33
138	17	7.18	2.965
138	19	6.755	2.695
139	9	3.97	2.295
139	11	6.18	1.46
139	12	6.390000000000001	1.5050000000000001
139	13	7.13	1.48
139	15	4.335	2.22
139	16	5.505	2.32
139	17	7.09	2.94
139	19	6.845	2.695
140	9	3.98	2.295
140	11	6.21	1.45
140	12	6.41	1.49
140	13	7.16	1.48
140	15	4.345	2.22
140	16	5.425	2.305
140	17	7.0	2.92
140	19	6.9350000000000005	2.705
141	9	3.985	2.305
141	11	6.2250000000000005	1.44
141	12	6.44	1.48
141	13	7.165	1.47
141	15	4.355	2.23
141	16	5.34	2.285
141	17	6.91	2.9050000000000002
141	19	7.0200000000000005	2.705
142	9	3.985	2.31
142	11	6.245	1.44
142	12	6.46	1.48
142	13	7.1850000000000005	1.47
142	15	4.355	2.23
142	16	5.25	2.27
142	17	6.8100000000000005	2.8850000000000002
142	19	7.11	2.71
143	9	3.985	2.32
143	11	6.275	1.43
143	12	6.49	1.465
143	13	7.19	1.46
143	15	4.365	2.23
143	16	5.165	2.2600000000000002
143	17	6.72	2.87
143	19	7.2	2.71
144	9	3.995	2.32
144	11	6.295	1.42
144	12	6.51	1.465
144	13	7.19	1.45
144	15	4.38	2.24
144	16	5.085	2.245
144	17	6.63	2.85
144	19	7.28	2.72
145	9	3.995	2.33
145	11	6.325	1.42
145	12	6.53	1.455
145	13	7.2	1.45
145	15	4.39	2.24
145	16	5.0	2.225
145	17	6.54	2.825
145	19	7.365	2.72
146	9	3.995	2.33
146	11	6.345	1.405
146	12	6.555	1.445
146	13	7.195	1.45
146	15	4.4	2.25
146	16	4.91	2.215
146	17	6.445	2.815
146	19	7.425	2.73
147	9	4.005	2.345
147	11	6.375	1.395
147	12	6.575	1.44
147	13	7.195	1.44
147	15	4.425	2.2600000000000002
147	16	4.83	2.2
147	17	6.355	2.79
147	19	7.465	2.725
148	9	4.015	2.345
148	11	6.3950000000000005	1.395
148	12	6.605	1.43
148	13	7.195	1.44
148	15	4.4350000000000005	2.285
148	16	4.74	2.19
148	17	6.265000000000001	2.7800000000000002
149	9	4.04	2.355
149	11	6.415	1.385
149	12	6.625	1.42
149	13	7.195	1.44
149	15	4.46	2.295
149	16	4.66	2.19
149	17	6.175	2.755
150	9	4.07	2.365
150	11	6.445	1.375
150	12	6.6450000000000005	1.42
150	13	7.19	1.44
150	15	4.4750000000000005	2.315
150	16	4.57	2.1750000000000003
150	17	6.075	2.745
151	9	4.1	2.3850000000000002
151	11	6.46	1.375
151	12	6.675	1.405
151	13	7.18	1.44
151	15	4.5	2.325
151	16	4.48	2.165
151	17	5.985	2.72
152	9	4.14	2.4
152	11	6.48	1.365
152	12	6.695	1.395
152	13	7.16	1.45
152	15	4.5200000000000005	2.345
152	16	4.4	2.1550000000000002
152	17	5.905	2.71
153	9	4.17	2.41
153	11	6.5	1.365
153	12	6.7250000000000005	1.395
153	13	7.140000000000001	1.45
153	15	4.545	2.36
153	16	4.3100000000000005	2.1550000000000002
153	17	5.815	2.7
154	9	4.21	2.43
154	11	6.5200000000000005	1.35
154	12	6.745	1.385
154	13	7.115	1.45
154	15	4.565	2.38
154	16	4.22	2.14
154	17	5.735	2.685
155	9	4.255	2.44
155	11	6.54	1.35
155	12	6.765000000000001	1.37
155	13	7.085	1.46
155	15	4.6000000000000005	2.39
155	16	4.14	2.13
155	17	5.665	2.6750000000000003
156	9	4.295	2.45
156	11	6.5600000000000005	1.35
156	12	6.795	1.37
156	13	7.05	1.47
156	15	4.63	2.4
156	16	4.05	2.12
156	17	5.585	2.6750000000000003
157	9	4.325	2.46
157	11	6.58	1.34
157	12	6.815	1.36
157	13	7.0	1.475
157	15	4.675	2.4
157	16	3.97	2.12
157	17	5.515	2.665
158	9	4.365	2.485
158	11	6.6000000000000005	1.34
158	12	6.835	1.36
158	13	6.96	1.485
158	15	4.715	2.41
158	16	3.88	2.105
158	17	5.4350000000000005	2.6550000000000002
159	9	4.405	2.495
159	11	6.61	1.34
159	12	6.855	1.345
159	13	6.925	1.485
159	15	4.755	2.42
159	16	3.8000000000000003	2.095
159	17	5.36	2.6550000000000002
160	9	4.44	2.505
160	11	6.625	1.34
160	12	6.87	1.345
160	13	6.885	1.495
160	15	4.805	2.43
160	16	3.72	2.095
160	17	5.28	2.645
161	9	4.47	2.515
161	11	6.6450000000000005	1.34
161	12	6.88	1.335
161	13	6.835	1.5050000000000001
161	15	4.845	2.44
161	16	3.64	2.085
161	17	5.21	2.645
162	9	4.5	2.515
162	11	6.665	1.325
162	12	6.9	1.335
162	13	6.8	1.5050000000000001
162	15	4.885	2.45
162	16	3.5700000000000003	2.08
162	17	5.13	2.6350000000000002
163	9	4.5200000000000005	2.525
163	11	6.675	1.325
163	12	6.91	1.33
163	13	6.76	1.5150000000000001
163	15	4.925	2.455
163	16	3.49	2.07
163	17	5.0600000000000005	2.625
164	9	4.55	2.525
164	11	6.695	1.325
164	12	6.93	1.32
164	13	6.72	1.5250000000000001
164	15	4.9750000000000005	2.465
164	16	3.42	2.07
164	17	4.98	2.625
165	9	4.57	2.5300000000000002
165	11	6.715	1.325
165	12	6.94	1.32
165	13	6.675	1.53
165	15	5.015	2.475
165	16	3.34	2.06
165	17	4.91	2.615
166	9	4.605	2.5300000000000002
166	11	6.735	1.315
166	12	6.96	1.31
166	13	6.635	1.54
166	15	5.065	2.485
166	16	3.2600000000000002	2.055
166	17	4.83	2.615
167	9	4.625	2.54
167	11	6.755	1.315
167	12	6.97	1.305
167	13	6.595	1.55
167	15	5.12	2.495
167	16	3.19	2.045
167	17	4.76	2.605
168	9	4.655	2.54
168	11	6.765000000000001	1.315
168	12	6.99	1.305
168	13	6.55	1.55
168	15	5.17	2.505
168	16	3.11	2.045
168	17	4.68	2.595
169	9	4.675	2.54
169	11	6.78	1.315
169	12	7.0	1.295
169	13	6.51	1.56
169	15	5.24	2.505
169	16	3.04	2.0300000000000002
169	17	4.61	2.59
170	9	4.705	2.54
170	11	6.8	1.3
170	12	7.0200000000000005	1.295
170	13	6.47	1.57
170	15	5.3	2.52
170	16	2.96	2.0300000000000002
170	17	4.525	2.58
171	9	4.735	2.555
171	11	6.8100000000000005	1.3
171	12	7.03	1.29
171	13	6.425	1.57
171	15	5.37	2.5300000000000002
171	16	2.88	2.02
171	17	4.455	2.58
172	9	4.765	2.565
172	11	6.82	1.3
172	12	7.05	1.28
172	13	6.385	1.585
172	15	5.43	2.535
172	16	2.81	2.02
172	17	4.375	2.57
173	9	4.815	2.575
173	11	6.83	1.3
173	12	7.0600000000000005	1.28
173	13	6.345	1.595
173	15	5.5	2.545
173	16	2.73	2.005
173	17	4.305	2.57
174	9	4.855	2.585
174	11	6.84	1.29
174	12	7.065	1.28
174	13	6.3100000000000005	1.595
174	15	5.5600000000000005	2.56
174	16	2.66	2.005
174	17	4.235	2.56
175	9	4.905	2.595
175	11	6.84	1.29
175	12	7.075	1.28
175	13	6.26	1.605
175	15	5.63	2.57
175	16	2.58	1.995
175	17	4.155	2.5500000000000003
176	9	4.945	2.615
176	11	6.8500000000000005	1.29
176	12	7.085	1.28
176	13	6.22	1.605
176	15	5.6850000000000005	2.57
176	16	2.5100000000000002	1.99
176	17	4.085	2.5500000000000003
177	9	4.995	2.625
177	11	6.8500000000000005	1.29
177	12	7.095	1.27
177	13	6.1850000000000005	1.615
177	15	5.755	2.585
177	16	2.44	1.98
177	17	4.005	2.54
178	9	5.045	2.6350000000000002
178	11	6.86	1.29
178	12	7.095	1.2750000000000001
178	13	6.135	1.6300000000000001
178	15	5.825	2.595
178	16	2.38	1.98
178	17	3.935	2.54
179	9	5.095	2.6550000000000002
179	11	6.86	1.28
179	12	7.105	1.2750000000000001
179	13	6.085	1.6400000000000001
179	15	5.8950000000000005	2.61
179	16	2.31	1.97
179	17	3.865	2.5300000000000002
180	9	5.1450000000000005	2.67
180	11	6.86	1.28
180	12	7.11	1.2750000000000001
180	13	6.05	1.645
180	15	5.965	2.62
180	16	2.25	1.965
180	17	3.79	2.52
181	9	5.195	2.69
181	11	6.87	1.28
181	12	7.12	1.2750000000000001
181	13	6.0	1.655
181	15	6.035	2.63
181	16	2.18	1.955
181	17	3.73	2.505
182	9	5.245	2.71
182	11	6.87	1.2750000000000001
182	12	7.12	1.2750000000000001
182	13	5.95	1.665
182	15	6.105	2.64
182	16	2.11	1.955
182	17	3.67	2.495
183	9	5.3100000000000005	2.735
183	11	6.88	1.2750000000000001
183	12	7.13	1.2650000000000001
183	13	5.9	1.68
183	15	6.175	2.65
183	16	2.05	1.945
183	17	3.59	2.485
184	9	5.37	2.7600000000000002
184	11	6.88	1.2650000000000001
184	12	7.140000000000001	1.27
184	13	5.865	1.68
184	15	6.24	2.665
184	16	1.98	1.94
184	17	3.52	2.47
185	9	5.43	2.7800000000000002
185	11	6.8950000000000005	1.2650000000000001
185	12	7.15	1.27
185	13	5.815	1.695
185	15	6.3100000000000005	2.6750000000000003
185	16	1.92	1.93
185	17	3.44	2.46
186	9	5.48	2.805
186	11	6.8950000000000005	1.2650000000000001
186	12	7.1450000000000005	1.27
186	13	5.765	1.705
186	15	6.390000000000001	2.685
186	16	1.845	1.93
186	17	3.35	2.45
187	9	5.545	2.84
187	11	6.8950000000000005	1.2650000000000001
187	12	7.155	1.27
187	13	5.715	1.72
187	15	6.46	2.705
187	16	1.7750000000000001	1.915
187	17	3.265	2.435
188	9	5.605	2.86
188	11	6.905	1.2650000000000001
188	12	7.155	1.27
188	13	5.68	1.72
188	15	6.53	2.715
188	16	1.715	1.915
188	17	3.1750000000000003	2.435
189	9	5.665	2.8850000000000002
189	11	6.905	1.2650000000000001
189	12	7.155	1.27
189	13	5.63	1.735
189	15	6.59	2.73
189	16	1.645	1.905
189	17	3.095	2.42
190	9	5.7250000000000005	2.9050000000000002
190	11	6.905	1.2550000000000001
190	12	7.155	1.27
190	13	5.58	1.745
190	15	6.65	2.75
190	16	1.585	1.905
190	17	3.015	2.41
191	9	5.775	2.93
191	11	6.905	1.2550000000000001
191	12	7.1450000000000005	1.27
191	13	5.5200000000000005	1.745
191	15	6.71	2.77
191	16	1.5150000000000001	1.8900000000000001
191	17	2.935	2.395
192	9	5.84	2.955
192	11	6.905	1.2550000000000001
192	12	7.15	1.27
192	13	5.4750000000000005	1.76
192	15	6.765000000000001	2.79
192	16	1.455	1.8900000000000001
192	17	2.855	2.395
193	9	5.9	2.985
193	11	6.905	1.26
193	12	7.140000000000001	1.27
193	13	5.415	1.77
193	15	6.825	2.81
193	16	1.385	1.8800000000000001
193	17	2.7800000000000002	2.3850000000000002
194	9	5.96	3.0100000000000002
194	11	6.905	1.26
194	12	7.13	1.27
194	13	5.355	1.78
194	15	6.875	2.845
194	16	1.315	1.875
194	17	2.71	2.37
195	9	6.01	3.035
195	11	6.905	1.26
195	12	7.13	1.28
195	13	5.3	1.79
195	15	6.94	2.875
195	16	1.2550000000000001	1.865
195	17	2.65	2.36
196	9	6.075	3.055
196	11	6.905	1.26
196	12	7.12	1.28
196	13	5.24	1.8
196	15	7.0	2.895
196	16	1.19	1.86
196	17	2.59	2.345
197	9	6.135	3.08
197	11	6.905	1.26
197	12	7.115	1.28
197	13	5.18	1.8
197	15	7.0600000000000005	2.93
197	16	1.12	1.85
197	17	2.5300000000000002	2.335
198	9	6.195	3.105
198	11	6.905	1.26
198	12	7.115	1.28
198	13	5.135	1.81
198	15	7.12	2.96
198	16	1.07	1.85
198	17	2.48	2.315
199	9	6.255	3.1350000000000002
199	11	6.8950000000000005	1.26
199	12	7.105	1.28
199	13	5.075	1.82
199	15	7.175	2.985
199	16	1.01	1.835
199	17	2.415	2.3000000000000003
200	9	6.32	3.1550000000000002
200	11	6.8950000000000005	1.26
200	12	7.095	1.285
200	13	5.015	1.83
200	15	7.235	3.015
200	16	0.96	1.835
200	17	2.355	2.29
201	9	6.390000000000001	3.19
201	11	6.885	1.26
201	12	7.085	1.285
201	13	4.96	1.84
201	15	7.285	3.04
201	16	0.915	1.835
201	17	2.295	2.275
202	9	6.45	3.22
202	11	6.875	1.26
202	12	7.085	1.285
202	13	4.9	1.855
202	15	7.34	3.06
202	16	0.865	1.82
202	17	2.245	2.265
203	9	6.51	3.25
203	11	6.86	1.27
203	12	7.08	1.295
203	13	4.84	1.855
203	15	7.390000000000001	3.085
203	16	0.8250000000000001	1.82
203	17	2.185	2.255
204	9	6.57	3.285
204	11	6.8500000000000005	1.27
204	12	7.07	1.295
204	13	4.785	1.865
204	15	7.43	3.105
204	16	0.785	1.81
204	17	2.125	2.24
205	9	6.61	3.315
205	11	6.84	1.28
205	12	7.07	1.295
205	13	4.7250000000000005	1.875
205	15	7.47	3.13
205	16	0.735	1.805
205	17	2.065	2.23
206	9	6.655	3.35
206	11	6.84	1.28
206	12	7.0600000000000005	1.295
206	13	4.665	1.885
206	15	7.49	3.14
206	16	0.685	1.805
206	17	2.0	2.225
207	9	6.6850000000000005	3.3850000000000002
207	11	6.83	1.29
207	12	7.05	1.295
207	13	4.61	1.895
207	16	0.635	1.795
207	17	1.93	2.215
208	9	6.7	3.41
208	11	6.82	1.29
208	12	7.045	1.295
208	13	4.54	1.905
208	16	0.59	1.79
208	17	1.87	2.215
209	9	6.7	3.4450000000000003
209	11	6.8100000000000005	1.29
209	12	7.045	1.295
209	13	4.48	1.905
209	16	0.55	1.78
209	17	1.81	2.205
210	9	6.69	3.475
210	11	6.795	1.3
210	12	7.035	1.305
210	13	4.425	1.915
210	16	0.5	1.78
210	17	1.74	2.2
211	9	6.675	3.49
211	11	6.785	1.3
211	12	7.025	1.305
211	13	4.355	1.925
211	16	0.45	1.7750000000000001
211	17	1.68	2.2
212	9	6.6450000000000005	3.5100000000000002
212	11	6.775	1.31
212	12	7.015000000000001	1.315
212	13	4.295	1.935
212	16	0.4	1.7650000000000001
212	17	1.605	2.19
213	9	6.6000000000000005	3.515
213	11	6.765000000000001	1.31
213	12	7.005	1.315
213	13	4.24	1.945
213	16	0.35000000000000003	1.7650000000000001
213	17	1.545	2.19
214	9	6.54	3.5300000000000002
214	11	6.755	1.31
214	12	6.995	1.325
214	13	4.17	1.955
214	16	0.305	1.76
214	17	1.485	2.185
215	9	6.4750000000000005	3.5300000000000002
215	11	6.745	1.32
215	12	6.985	1.325
215	13	4.11	1.955
215	16	0.265	1.75
215	17	1.425	2.1750000000000003
216	9	6.3950000000000005	3.535
216	11	6.735	1.32
216	12	6.9750000000000005	1.335
216	13	4.055	1.97
216	16	0.215	1.75
216	17	1.375	2.1750000000000003
217	9	6.32	3.525
217	11	6.7250000000000005	1.33
217	12	6.965	1.335
217	13	3.985	1.98
217	16	0.185	1.745
217	17	1.315	2.1750000000000003
218	9	6.23	3.5300000000000002
218	11	6.715	1.33
218	12	6.955	1.345
218	13	3.9250000000000003	1.99
218	16	0.155	1.735
218	17	1.2650000000000001	2.17
219	9	6.15	3.5300000000000002
219	11	6.705	1.335
219	12	6.945	1.355
219	13	3.865	1.99
219	17	1.2	2.17
220	9	6.075	3.52
220	11	6.695	1.345
220	12	6.9350000000000005	1.36
220	13	3.795	2.0
220	17	1.1500000000000001	2.16
221	9	5.995	3.5100000000000002
221	11	6.6850000000000005	1.345
221	12	6.925	1.37
221	13	3.72	2.0
221	17	1.09	2.16
222	9	5.915	3.5
222	11	6.6850000000000005	1.36
222	12	6.92	1.37
222	13	3.65	2.0
222	17	1.04	2.1550000000000002
223	9	5.835	3.48
223	11	6.675	1.36
223	12	6.91	1.3800000000000001
223	13	3.58	2.0
223	17	0.98	2.1550000000000002
224	1	7.3100000000000005	2.75
224	9	5.765	3.455
224	11	6.67	1.36
224	12	6.9	1.3900000000000001
224	13	3.5100000000000002	2.0
224	17	0.93	2.145
225	1	7.2700000000000005	2.725
225	9	5.6850000000000005	3.435
225	11	6.66	1.375
225	12	6.890000000000001	1.3900000000000001
225	13	3.44	2.0
225	17	0.865	2.145
226	1	7.215	2.705
226	9	5.615	3.4
226	11	6.65	1.375
226	12	6.88	1.4000000000000001
226	13	3.38	2.0
226	17	0.8150000000000001	2.14
227	1	7.155	2.685
227	9	5.535	3.375
227	11	6.640000000000001	1.385
227	12	6.87	1.4000000000000001
227	13	3.31	1.99
227	17	0.765	2.14
228	1	7.085	2.665
228	9	5.46	3.355
228	11	6.635	1.3900000000000001
228	12	6.86	1.41
228	13	3.2600000000000002	1.99
228	17	0.725	2.13
229	1	7.01	2.63
229	9	5.38	3.3200000000000003
229	11	6.625	1.4000000000000001
229	12	6.8500000000000005	1.42
229	13	3.1950000000000003	1.985
229	17	0.685	2.13
230	1	6.95	2.61
230	9	5.3100000000000005	3.3000000000000003
230	11	6.615	1.4000000000000001
230	12	6.8500000000000005	1.42
230	13	3.145	1.975
230	17	0.645	2.12
231	1	6.88	2.59
231	9	5.23	3.265
231	11	6.605	1.405
231	12	6.84	1.43
231	13	3.085	1.975
231	14	7.415	3.41
231	17	0.615	2.12
232	1	6.805	2.565
232	9	5.16	3.24
232	11	6.595	1.415
232	12	6.83	1.43
232	13	3.0300000000000002	1.975
232	14	7.37	3.395
232	17	0.585	2.12
233	1	6.735	2.545
233	9	5.085	3.22
233	11	6.59	1.42
233	12	6.82	1.445
233	13	2.98	1.965
233	14	7.3100000000000005	3.37
233	17	0.555	2.11
234	1	6.665	2.525
234	9	5.015	3.185
234	11	6.58	1.43
234	12	6.8100000000000005	1.455
234	13	2.915	1.96
234	14	7.25	3.35
234	17	0.535	2.11
235	1	6.6000000000000005	2.5
235	9	4.955	3.16
235	11	6.57	1.43
235	12	6.8	1.455
235	13	2.865	1.96
235	14	7.1850000000000005	3.33
235	17	0.52	2.105
236	1	6.53	2.48
236	9	4.8950000000000005	3.14
236	11	6.5600000000000005	1.435
236	12	6.79	1.465
236	13	2.8000000000000003	1.95
236	14	7.125	3.305
236	17	0.51	2.105
237	1	6.46	2.46
237	9	4.835	3.115
237	11	6.555	1.445
237	12	6.78	1.465
237	13	2.75	1.95
237	14	7.065	3.295
237	17	0.51	2.095
238	1	6.385	2.445
238	9	4.7700000000000005	3.08
238	11	6.555	1.445
238	12	6.7700000000000005	1.475
238	13	2.695	1.95
238	14	7.005	3.2800000000000002
238	17	0.51	2.095
239	1	6.325	2.4250000000000003
239	9	4.71	3.06
239	11	6.545	1.46
239	12	6.7700000000000005	1.475
239	13	2.6350000000000002	1.935
239	14	6.945	3.255
239	17	0.51	2.095
240	1	6.255	2.41
240	9	4.65	3.035
240	11	6.535	1.46
240	12	6.76	1.485
240	13	2.585	1.935
240	14	6.885	3.245
240	17	0.51	2.095
241	1	6.195	2.3850000000000002
241	9	4.59	3.0100000000000002
241	11	6.53	1.46
241	12	6.75	1.49
241	13	2.5300000000000002	1.925
241	14	6.835	3.22
241	17	0.51	2.095
242	1	6.12	2.375
242	9	4.53	2.99
242	11	6.5200000000000005	1.475
242	12	6.75	1.5
242	13	2.47	1.925
242	14	6.775	3.205
242	17	0.51	2.095
243	1	6.0600000000000005	2.36
243	9	4.47	2.955
243	11	6.51	1.475
243	12	6.75	1.5
243	13	2.415	1.925
243	14	6.715	3.1950000000000003
243	17	0.51	2.095
244	1	5.99	2.34
244	9	4.405	2.935
244	11	6.5	1.485
244	12	6.74	1.51
244	13	2.375	1.915
244	14	6.655	3.17
244	17	0.51	2.095
245	1	5.93	2.325
245	9	4.345	2.91
245	11	6.49	1.485
245	12	6.74	1.5150000000000001
245	13	2.32	1.9100000000000001
245	14	6.595	3.1550000000000002
245	17	0.51	2.095
246	1	5.87	2.315
246	9	4.285	2.8850000000000002
246	11	6.485	1.495
246	12	6.73	1.5150000000000001
246	13	2.2800000000000002	1.9000000000000001
246	14	6.535	3.1350000000000002
246	17	0.51	2.095
247	1	5.8	2.3000000000000003
247	9	4.235	2.875
247	11	6.4750000000000005	1.495
247	12	6.73	1.5250000000000001
247	13	2.245	1.9000000000000001
247	14	6.465	3.12
247	17	0.51	2.09
248	1	5.74	2.29
248	9	4.17	2.85
248	11	6.465	1.5050000000000001
248	12	6.72	1.5250000000000001
248	13	2.205	1.9000000000000001
248	14	6.390000000000001	3.095
248	17	0.51	2.09
249	1	5.68	2.2800000000000002
249	9	4.11	2.83
249	11	6.455	1.5050000000000001
249	12	6.72	1.54
249	13	2.1750000000000003	1.8900000000000001
249	14	6.32	3.075
249	17	0.51	2.09
250	1	5.62	2.265
250	9	4.0600000000000005	2.805
250	11	6.45	1.5150000000000001
250	12	6.71	1.54
250	13	2.14	1.885
250	14	6.24	3.04
250	17	0.5	2.09
251	1	5.55	2.255
251	9	4.0	2.7800000000000002
251	11	6.44	1.5150000000000001
251	12	6.7	1.55
251	13	2.11	1.875
251	14	6.16	3.015
251	17	0.5	2.09
252	1	5.49	2.255
252	9	3.935	2.77
252	11	6.43	1.5250000000000001
252	12	6.68	1.55
252	13	2.065	1.875
252	14	6.08	3.005
252	17	0.5	2.09
253	1	5.43	2.24
253	9	3.875	2.745
253	11	6.42	1.5250000000000001
253	12	6.67	1.56
253	13	2.035	1.875
253	14	6.01	2.98
253	17	0.5	2.09
254	1	5.37	2.23
254	9	3.825	2.725
254	11	6.41	1.5350000000000001
254	12	6.65	1.575
254	13	2.005	1.865
254	14	5.94	2.97
254	17	0.5	2.09
255	1	5.3100000000000005	2.22
255	9	3.765	2.7
255	11	6.405	1.5350000000000001
255	12	6.63	1.575
255	13	1.975	1.86
255	14	5.87	2.955
255	17	0.49	2.1
256	1	5.24	2.205
256	9	3.7	2.6750000000000003
256	11	6.3950000000000005	1.545
256	12	6.62	1.585
256	13	1.93	1.85
256	14	5.8	2.94
256	17	0.49	2.1
257	1	5.18	2.195
257	9	3.65	2.665
257	11	6.385	1.545
257	12	6.6000000000000005	1.595
257	13	1.9000000000000001	1.85
257	14	5.74	2.93
257	17	0.49	2.1
258	1	5.12	2.185
258	9	3.59	2.64
258	11	6.375	1.555
258	12	6.58	1.6
258	13	1.87	1.84
258	14	5.665	2.92
258	17	0.49	2.1
259	1	5.0600000000000005	2.18
259	9	3.525	2.62
259	11	6.365	1.555
259	12	6.5600000000000005	1.61
259	13	1.84	1.84
259	14	5.595	2.9050000000000002
259	17	0.49	2.1
260	1	5.0	2.17
260	9	3.475	2.595
260	11	6.345	1.565
260	12	6.55	1.61
260	13	1.81	1.825
260	14	5.525	2.9050000000000002
260	17	0.48	2.1
261	1	4.93	2.16
261	9	3.415	2.57
261	11	6.325	1.575
261	12	6.53	1.62
261	13	1.7650000000000001	1.825
261	14	5.455	2.895
261	17	0.48	2.1
262	1	4.87	2.145
262	9	3.365	2.56
262	11	6.305	1.58
262	12	6.51	1.6300000000000001
262	13	1.735	1.815
262	14	5.39	2.89
262	17	0.48	2.1
263	1	4.8100000000000005	2.1350000000000002
263	9	3.31	2.535
263	11	6.285	1.59
263	12	6.5	1.635
263	13	1.705	1.815
263	14	5.32	2.88
263	17	0.48	2.1
264	1	4.75	2.125
264	9	3.2600000000000002	2.515
264	11	6.275	1.6
264	12	6.48	1.645
264	13	1.675	1.8
264	14	5.25	2.88
264	17	0.48	2.1
265	1	4.68	2.12
265	9	3.21	2.495
265	11	6.25	1.6
265	12	6.47	1.655
265	13	1.645	1.8
265	14	5.18	2.87
265	17	0.47000000000000003	2.1
266	1	4.62	2.11
266	9	3.165	2.48
266	11	6.23	1.615
266	12	6.46	1.655
266	13	1.605	1.79
266	14	5.115	2.86
266	17	0.47000000000000003	2.1
267	1	4.5600000000000005	2.1
267	9	3.125	2.46
267	11	6.21	1.625
267	12	6.46	1.67
267	13	1.57	1.79
267	14	5.045	2.855
267	17	0.47000000000000003	2.1
268	1	4.5	2.085
268	9	3.085	2.435
268	11	6.19	1.635
268	12	6.45	1.68
268	13	1.54	1.78
268	14	4.9750000000000005	2.845
268	17	0.47000000000000003	2.1
269	1	4.44	2.075
269	9	3.0500000000000003	2.4250000000000003
269	11	6.17	1.6400000000000001
269	12	6.44	1.68
269	13	1.51	1.7750000000000001
269	14	4.91	2.845
269	17	0.46	2.1
270	1	4.37	2.065
270	9	3.02	2.4
270	11	6.15	1.6500000000000001
270	12	6.44	1.69
270	13	1.48	1.7750000000000001
270	14	4.8500000000000005	2.835
270	17	0.46	2.1
271	1	4.315	2.055
271	9	2.99	2.38
271	11	6.140000000000001	1.6600000000000001
271	12	6.43	1.705
271	13	1.45	1.7650000000000001
271	14	4.79	2.82
271	17	0.45	2.1
272	1	4.255	2.05
272	9	2.965	2.37
272	11	6.13	1.6600000000000001
272	12	6.42	1.705
272	13	1.415	1.7650000000000001
272	14	4.73	2.81
272	17	0.425	2.1
273	1	4.195	2.04
273	9	2.935	2.345
273	11	6.12	1.675
273	12	6.42	1.715
273	13	1.385	1.7650000000000001
273	14	4.675	2.8000000000000003
273	17	0.405	2.1
274	1	4.135	2.0300000000000002
274	9	2.9050000000000002	2.335
274	11	6.11	1.685
274	12	6.41	1.725
274	13	1.365	1.7650000000000001
274	14	4.625	2.79
274	17	0.395	2.09
275	1	4.065	2.015
275	9	2.87	2.31
275	11	6.1000000000000005	1.695
275	12	6.41	1.725
275	13	1.355	1.7650000000000001
275	14	4.565	2.7800000000000002
275	17	0.38	2.09
276	1	4.005	2.005
276	9	2.85	2.29
276	11	6.1000000000000005	1.695
276	12	6.4	1.74
276	13	1.335	1.7650000000000001
276	14	4.515	2.765
276	17	0.35000000000000003	2.09
277	1	3.94	1.995
277	9	2.83	2.275
277	11	6.09	1.705
277	12	6.390000000000001	1.75
277	13	1.325	1.78
277	14	4.46	2.755
277	17	0.33	2.09
278	1	3.88	1.995
278	9	2.81	2.265
278	11	6.09	1.715
278	12	6.390000000000001	1.75
278	13	1.305	1.78
278	14	4.4	2.745
278	17	0.305	2.085
279	1	3.8200000000000003	1.98
279	9	2.79	2.245
279	11	6.08	1.725
279	12	6.38	1.76
279	13	1.295	1.78
279	14	4.3500000000000005	2.735
279	17	0.28	2.085
280	1	3.755	1.97
280	9	2.775	2.23
280	11	6.07	1.725
280	12	6.38	1.7750000000000001
280	13	1.295	1.79
280	14	4.285	2.72
280	17	0.265	2.085
281	1	3.7	1.97
281	9	2.765	2.22
281	11	6.07	1.74
281	12	6.37	1.7750000000000001
281	13	1.295	1.795
281	14	4.235	2.71
282	1	3.64	1.96
282	9	2.755	2.195
282	11	6.0600000000000005	1.75
282	12	6.36	1.7850000000000001
282	13	1.305	1.805
282	14	4.1850000000000005	2.7
283	1	3.575	1.95
283	9	2.755	2.185
283	11	6.0600000000000005	1.76
283	12	6.36	1.795
283	13	1.335	1.805
283	14	4.125	2.69
284	1	3.5100000000000002	1.95
284	9	2.745	2.16
284	11	6.05	1.76
284	12	6.3500000000000005	1.795
284	13	1.355	1.815
284	14	4.075	2.6750000000000003
285	1	3.46	1.94
285	9	2.755	2.15
285	11	6.05	1.77
285	12	6.3500000000000005	1.81
285	13	1.385	1.82
285	14	4.025	2.6750000000000003
286	1	3.395	1.93
286	9	2.75	2.14
286	11	6.04	1.78
286	12	6.34	1.82
286	13	1.425	1.83
286	14	3.975	2.66
287	1	3.33	1.93
287	9	2.75	2.115
287	11	6.03	1.78
287	12	6.33	1.82
287	13	1.455	1.84
287	14	3.915	2.66
288	1	3.27	1.92
288	9	2.7600000000000002	2.105
288	11	6.03	1.79
288	12	6.33	1.83
288	13	1.495	1.84
288	14	3.865	2.66
289	1	3.215	1.92
289	9	2.7600000000000002	2.09
289	11	6.0200000000000005	1.8
289	12	6.32	1.845
289	13	1.5250000000000001	1.855
289	14	3.815	2.6550000000000002
290	1	3.1550000000000002	1.92
290	9	2.7600000000000002	2.07
290	11	6.0200000000000005	1.815
290	12	6.3100000000000005	1.855
290	13	1.555	1.865
290	14	3.765	2.645
291	1	3.095	1.9100000000000001
291	9	2.77	2.06
291	11	6.01	1.815
291	12	6.3100000000000005	1.855
291	13	1.595	1.875
291	14	3.715	2.64
292	1	3.04	1.905
292	9	2.79	2.045
292	11	6.015000000000001	1.825
292	12	6.3	1.865
292	13	1.625	1.8800000000000001
292	14	3.665	2.63
293	1	2.98	1.905
293	9	2.815	2.035
293	11	6.005	1.835
293	12	6.3	1.8800000000000001
293	13	1.665	1.8900000000000001
293	14	3.615	2.625
294	1	2.93	1.905
294	9	2.845	2.025
294	11	5.995	1.845
294	12	6.3	1.8800000000000001
294	13	1.695	1.9000000000000001
294	14	3.575	2.615
295	1	2.87	1.905
295	9	2.8850000000000002	2.0100000000000002
295	11	5.995	1.855
295	12	6.3	1.8900000000000001
295	13	1.735	1.9100000000000001
295	14	3.54	2.6
296	1	2.82	1.9000000000000001
296	9	2.935	2.0
296	11	5.985	1.87
296	12	6.3	1.9000000000000001
296	13	1.7750000000000001	1.915
296	14	3.49	2.59
297	1	2.7600000000000002	1.9000000000000001
297	9	2.985	1.99
297	11	5.9750000000000005	1.8800000000000001
297	12	6.3	1.915
297	13	1.815	1.925
297	14	3.45	2.575
298	1	2.705	1.9000000000000001
298	9	3.035	1.98
298	11	5.9750000000000005	1.905
298	12	6.3100000000000005	1.925
298	13	1.855	1.935
298	14	3.41	2.565
299	1	2.645	1.9000000000000001
299	9	3.075	1.98
299	11	5.9750000000000005	1.915
299	12	6.3100000000000005	1.945
299	13	1.905	1.935
299	14	3.36	2.56
300	1	2.595	1.895
300	9	3.125	1.97
300	11	5.965	1.925
300	12	6.32	1.96
300	13	1.96	1.95
300	14	3.3200000000000003	2.5500000000000003
301	1	2.535	1.905
301	9	3.1750000000000003	1.955
301	11	5.9750000000000005	1.95
301	12	6.325	1.97
301	13	2.0100000000000002	1.95
301	14	3.2800000000000002	2.535
302	1	2.475	1.905
302	9	3.225	1.945
302	11	5.9750000000000005	1.96
302	12	6.335	1.98
302	13	2.07	1.96
302	14	3.23	2.525
303	1	2.415	1.915
303	9	3.275	1.935
303	11	5.985	1.975
303	12	6.335	1.995
303	13	2.13	1.96
303	14	3.19	2.5100000000000002
304	1	2.355	1.925
304	9	3.325	1.925
304	11	5.985	1.985
304	12	6.345	2.005
304	13	2.18	1.975
304	14	3.15	2.5100000000000002
305	1	2.295	1.92
305	9	3.365	1.915
305	11	5.995	2.0100000000000002
305	12	6.355	2.015
305	13	2.24	1.975
305	14	3.105	2.495
306	1	2.235	1.93
306	9	3.4250000000000003	1.9100000000000001
306	11	5.995	2.02
306	12	6.355	2.0300000000000002
306	13	2.3000000000000003	1.985
306	14	3.065	2.485
307	1	2.185	1.94
307	9	3.475	1.9000000000000001
307	11	6.005	2.0300000000000002
307	12	6.365	2.05
307	13	2.35	1.985
307	14	3.025	2.47
308	1	2.1350000000000002	1.95
308	9	3.535	1.8900000000000001
308	11	6.005	2.045
308	12	6.365	2.06
308	13	2.41	2.0
308	14	2.98	2.46
309	1	2.095	1.96
309	9	3.605	1.8900000000000001
309	11	6.015000000000001	2.055
309	12	6.375	2.075
309	13	2.47	2.0
309	14	2.94	2.45
310	1	2.065	1.97
310	9	3.6750000000000003	1.8800000000000001
310	11	6.015000000000001	2.08
310	12	6.375	2.085
310	13	2.52	2.0100000000000002
310	14	2.895	2.44
311	1	2.045	1.98
311	9	3.755	1.875
311	11	6.025	2.09
311	12	6.385	2.095
311	13	2.58	2.0100000000000002
311	14	2.87	2.43
312	1	2.025	1.985
312	9	3.825	1.865
312	11	6.035	2.105
312	12	6.385	2.11
312	13	2.64	2.025
312	14	2.835	2.43
313	1	2.005	1.995
313	9	3.9050000000000002	1.865
313	11	6.04	2.115
313	12	6.3950000000000005	2.12
313	13	2.69	2.025
313	14	2.815	2.42
314	1	2.0	2.005
314	9	3.975	1.865
314	11	6.05	2.14
314	12	6.405	2.13
314	13	2.75	2.035
314	14	2.79	2.4050000000000002
315	1	1.99	2.015
315	9	4.045	1.85
315	11	6.05	2.15
315	12	6.405	2.1550000000000002
315	13	2.81	2.035
315	14	2.765	2.395
316	1	2.0	2.0300000000000002
316	9	4.115	1.85
316	11	6.0600000000000005	2.16
316	12	6.415	2.165
316	13	2.87	2.05
316	14	2.74	2.3850000000000002
317	1	2.0100000000000002	2.0300000000000002
317	9	4.1850000000000005	1.85
317	11	6.0600000000000005	2.1750000000000003
317	12	6.42	2.18
317	13	2.92	2.05
317	14	2.725	2.39
318	1	2.04	2.04
318	9	4.245	1.85
318	11	6.07	2.185
318	12	6.43	2.19
318	13	2.98	2.06
318	14	2.715	2.38
319	1	2.07	2.04
319	9	4.3	1.85
319	11	6.07	2.21
319	12	6.43	2.2
319	13	3.04	2.07
319	14	2.705	2.38
320	1	2.1	2.055
320	9	4.36	1.845
320	11	6.08	2.22
320	12	6.44	2.215
320	13	3.105	2.075
320	14	2.705	2.37
321	1	2.14	2.055
321	9	4.41	1.845
321	11	6.09	2.235
321	12	6.45	2.225
321	13	3.1550000000000002	2.085
321	14	2.715	2.37
322	1	2.185	2.065
322	9	4.47	1.845
322	11	6.1000000000000005	2.245
322	12	6.45	2.235
322	13	3.215	2.085
322	14	2.725	2.37
323	1	2.235	2.065
323	9	4.5200000000000005	1.845
323	11	6.11	2.265
323	12	6.46	2.2600000000000002
323	13	3.275	2.1
323	14	2.75	2.375
324	1	2.285	2.075
324	9	4.57	1.845
324	11	6.13	2.2800000000000002
324	12	6.46	2.27
324	13	3.335	2.11
324	14	2.7800000000000002	2.3850000000000002
325	1	2.335	2.08
325	9	4.62	1.845
325	11	6.15	2.29
325	12	6.48	2.2800000000000002
325	13	3.3850000000000002	2.11
325	14	2.815	2.3850000000000002
326	1	2.3850000000000002	2.08
326	9	4.68	1.845
326	11	6.18	2.315
326	12	6.49	2.295
326	13	3.4450000000000003	2.12
326	14	2.855	2.395
327	1	2.445	2.08
327	9	4.73	1.845
327	11	6.2	2.325
327	12	6.51	2.305
327	13	3.505	2.1350000000000002
327	14	2.9	2.4050000000000002
328	1	2.505	2.08
328	9	4.78	1.845
328	11	6.22	2.34
328	12	6.53	2.315
328	13	3.5700000000000003	2.1350000000000002
328	14	2.945	2.415
329	1	2.565	2.095
329	9	4.82	1.845
329	11	6.25	2.36
329	12	6.55	2.33
329	13	3.63	2.145
329	14	2.995	2.4250000000000003
330	1	2.625	2.095
330	9	4.87	1.845
330	11	6.2700000000000005	2.37
330	12	6.57	2.34
330	13	3.68	2.15
330	14	3.04	2.435
331	1	2.68	2.095
331	9	4.91	1.86
331	11	6.29	2.395
331	12	6.59	2.35
331	13	3.74	2.16
331	14	3.08	2.445
332	1	2.74	2.095
332	9	4.94	1.86
332	11	6.32	2.4050000000000002
332	12	6.625	2.365
332	13	3.8000000000000003	2.17
332	14	3.125	2.455
333	1	2.8000000000000003	2.1
333	9	4.96	1.87
333	11	6.34	2.42
333	12	6.6450000000000005	2.3850000000000002
333	13	3.86	2.17
333	14	3.17	2.465
334	1	2.86	2.1
334	9	4.965	1.8800000000000001
334	11	6.36	2.44
334	12	6.675	2.395
334	13	3.91	2.185
334	14	3.22	2.475
335	1	2.92	2.11
335	9	4.965	1.9000000000000001
335	11	6.3950000000000005	2.455
335	12	6.695	2.42
335	13	3.97	2.185
335	14	3.265	2.485
336	1	2.98	2.11
336	9	4.955	1.9100000000000001
336	11	6.415	2.475
336	12	6.715	2.43
336	13	4.035	2.195
336	14	3.305	2.5
337	1	3.0300000000000002	2.115
337	9	4.9350000000000005	1.925
337	11	6.445	2.485
337	12	6.745	2.45
337	13	4.095	2.205
337	14	3.355	2.5100000000000002
338	1	3.09	2.115
338	9	4.915	1.945
338	11	6.4750000000000005	2.5100000000000002
338	12	6.765000000000001	2.465
338	13	4.1450000000000005	2.21
338	14	3.4050000000000002	2.52
339	1	3.1550000000000002	2.115
339	9	4.885	1.955
339	11	6.505	2.52
339	12	6.795	2.485
339	13	4.205	2.22
339	14	3.465	2.535
340	1	3.215	2.125
340	9	4.855	1.975
340	11	6.535	2.54
340	12	6.815	2.505
340	13	4.265	2.22
340	14	3.515	2.545
341	1	3.275	2.13
341	9	4.825	1.985
341	11	6.565	2.5500000000000003
341	12	6.845	2.52
341	13	4.325	2.235
341	14	3.565	2.56
342	1	3.335	2.13
342	9	4.785	2.005
342	11	6.595	2.575
342	12	6.865	2.54
342	13	4.385	2.245
342	14	3.625	2.57
343	1	3.3850000000000002	2.13
343	9	4.755	2.015
343	11	6.625	2.585
343	12	6.8950000000000005	2.56
343	13	4.4350000000000005	2.245
343	14	3.67	2.585
344	1	3.4450000000000003	2.13
344	9	4.705	2.025
344	11	6.655	2.605
344	12	6.915	2.575
344	13	4.495	2.255
344	14	3.72	2.605
345	1	3.505	2.145
345	9	4.655	2.035
345	11	6.6850000000000005	2.63
345	12	6.945	2.595
345	13	4.5600000000000005	2.27
345	14	3.775	2.62
346	1	3.565	2.145
346	9	4.605	2.045
346	11	6.715	2.64
346	12	6.9750000000000005	2.605
346	13	4.62	2.27
346	14	3.825	2.63
347	1	3.63	2.145
347	9	4.555	2.045
347	11	6.745	2.66
347	12	7.005	2.63
347	13	4.68	2.2800000000000002
347	14	3.88	2.645
348	1	3.69	2.145
348	9	4.505	2.055
348	11	6.775	2.67
348	12	7.035	2.64
348	13	4.73	2.285
348	14	3.92	2.665
349	1	3.75	2.145
349	9	4.445	2.065
349	11	6.805	2.695
349	12	7.065	2.66
349	13	4.8	2.295
349	14	3.975	2.68
350	1	3.81	2.145
350	9	4.3950000000000005	2.065
350	11	6.835	2.705
350	12	7.105	2.67
350	13	4.86	2.305
350	14	4.0200000000000005	2.7
351	1	3.87	2.1550000000000002
351	9	4.335	2.075
351	11	6.87	2.725
351	12	7.135	2.685
351	13	4.93	2.305
351	14	4.07	2.715
352	1	3.94	2.1550000000000002
352	9	4.285	2.085
352	11	6.9	2.75
352	12	7.165	2.705
352	13	5.0	2.32
352	14	4.125	2.735
353	1	4.0	2.1550000000000002
353	9	4.235	2.085
353	11	6.93	2.7600000000000002
353	12	7.2	2.715
353	13	5.08	2.33
353	14	4.175	2.75
354	1	4.07	2.1550000000000002
354	9	4.175	2.1
354	11	6.96	2.7800000000000002
354	12	7.23	2.725
354	13	5.15	2.34
354	14	4.21	2.7600000000000002
355	1	4.13	2.1550000000000002
355	9	4.125	2.1
355	11	6.99	2.79
355	12	7.26	2.75
355	13	5.22	2.34
355	14	4.2700000000000005	2.7800000000000002
356	1	4.2	2.1550000000000002
356	9	4.075	2.11
356	11	7.0200000000000005	2.815
356	12	7.3	2.7600000000000002
356	13	5.29	2.35
356	14	4.315	2.795
357	1	4.26	2.16
357	9	4.025	2.11
357	11	7.05	2.825
357	12	7.33	2.7800000000000002
357	13	5.3500000000000005	2.36
357	14	4.36	2.815
358	1	4.33	2.16
358	9	3.975	2.11
358	11	7.08	2.845
358	12	7.36	2.79
358	13	5.415	2.37
358	14	4.405	2.825
359	1	4.39	2.16
359	9	3.935	2.11
359	11	7.11	2.865
359	12	7.390000000000001	2.8000000000000003
359	13	5.4750000000000005	2.38
359	14	4.46	2.845
360	1	4.46	2.16
360	9	3.8850000000000002	2.1
360	11	7.140000000000001	2.88
360	12	7.42	2.815
360	13	5.54	2.39
360	14	4.51	2.855
361	1	4.5200000000000005	2.16
361	9	3.845	2.1
361	11	7.17	2.9
361	12	7.45	2.825
361	13	5.6000000000000005	2.4
361	14	4.57	2.87
362	1	4.58	2.16
362	9	3.805	2.1
362	11	7.2	2.91
362	12	7.455	2.835
362	13	5.655	2.41
362	14	4.62	2.89
363	1	4.635	2.15
363	9	3.755	2.1
363	11	7.23	2.935
363	13	5.715	2.42
363	14	4.68	2.9
364	1	4.695	2.15
364	9	3.715	2.09
364	11	7.26	2.945
364	13	5.78	2.43
364	14	4.73	2.915
365	1	4.755	2.14
365	9	3.665	2.09
365	11	7.28	2.965
365	13	5.83	2.44
365	14	4.79	2.9250000000000003
366	1	4.805	2.13
366	9	3.625	2.09
366	11	7.3	2.975
366	13	5.89	2.45
366	14	4.845	2.945
367	1	4.8500000000000005	2.125
367	9	3.575	2.09
367	11	7.325	2.985
367	13	5.955	2.46
367	14	4.905	2.96
368	1	4.9	2.115
368	9	3.535	2.09
368	13	6.005	2.47
368	14	4.955	2.97
369	1	4.95	2.105
369	9	3.485	2.095
369	13	6.07	2.48
369	14	5.015	2.995
370	1	4.99	2.1
370	9	3.435	2.095
370	13	6.13	2.49
370	14	5.07	3.005
371	1	5.035	2.09
371	9	3.3850000000000002	2.095
371	13	6.19	2.5
371	14	5.13	3.015
372	1	5.075	2.08
372	9	3.335	2.105
372	13	6.25	2.515
372	14	5.19	3.0300000000000002
373	1	5.115	2.07
373	9	3.285	2.11
373	13	6.3100000000000005	2.525
373	14	5.25	3.0500000000000003
374	1	5.165	2.06
374	9	3.245	2.11
374	13	6.38	2.535
374	14	5.3100000000000005	3.06
375	1	5.205	2.045
375	9	3.1950000000000003	2.12
375	13	6.44	2.545
375	14	5.385	3.075
376	1	5.245	2.035
376	9	3.14	2.12
376	13	6.5	2.56
376	14	5.445	3.095
377	1	5.29	2.02
377	9	3.09	2.125
377	13	6.5600000000000005	2.57
377	14	5.515	3.105
378	1	5.34	2.0100000000000002
378	9	3.04	2.125
378	13	6.615	2.58
378	14	5.585	3.13
379	1	5.38	1.995
379	9	2.99	2.1350000000000002
379	13	6.6850000000000005	2.595
379	14	5.6450000000000005	3.14
380	1	5.43	1.985
380	9	2.94	2.1350000000000002
380	13	6.745	2.605
380	14	5.72	3.16
381	1	5.47	1.97
381	9	2.9	2.15
381	13	6.805	2.615
381	14	5.8	3.185
382	1	5.525	1.955
382	9	2.86	2.16
382	13	6.865	2.63
382	14	5.87	3.205
383	1	5.565	1.945
383	9	2.82	2.17
383	13	6.925	2.64
383	14	5.94	3.22
384	1	5.605	1.93
384	9	2.79	2.18
384	13	6.995	2.65
384	14	6.015000000000001	3.24
385	1	5.6450000000000005	1.915
385	9	2.7600000000000002	2.205
385	13	7.055	2.665
385	14	6.095	3.2600000000000002
386	1	5.675	1.895
386	9	2.73	2.215
386	13	7.115	2.6750000000000003
386	14	6.165	3.285
387	1	5.705	1.885
387	9	2.71	2.235
387	13	7.175	2.685
387	14	6.235	3.305
388	1	5.7250000000000005	1.875
388	9	2.71	2.245
388	13	7.24	2.695
388	14	6.32	3.33
389	1	5.755	1.86
389	9	2.71	2.27
389	13	7.3	2.71
389	14	6.390000000000001	3.35
390	1	5.775	1.84
390	9	2.72	2.2800000000000002
390	13	7.365	2.72
390	14	6.46	3.365
391	1	5.8	1.83
391	9	2.73	2.29
391	13	7.425	2.735
391	14	6.54	3.3850000000000002
392	1	5.82	1.82
392	9	2.75	2.31
392	13	7.4750000000000005	2.74
392	14	6.615	3.41
393	1	5.8500000000000005	1.81
393	9	2.77	2.325
393	13	7.5200000000000005	2.75
393	14	6.6850000000000005	3.43
394	1	5.88	1.7850000000000001
394	9	2.775	2.335
394	14	6.755	3.455
395	1	5.9	1.7750000000000001
395	9	2.795	2.355
395	14	6.83	3.465
396	1	5.93	1.7650000000000001
396	9	2.815	2.365
396	14	6.9	3.49
397	1	5.95	1.745
397	9	2.825	2.39
397	14	6.96	3.5
398	1	5.97	1.735
398	9	2.845	2.4
398	14	7.01	3.5
399	1	5.99	1.72
399	9	2.865	2.41
399	14	7.075	3.515
400	1	6.005	1.71
400	9	2.8850000000000002	2.435
400	14	7.125	3.525
401	1	6.005	1.7
401	9	2.9050000000000002	2.445
401	14	7.1850000000000005	3.54
402	1	6.005	1.7
402	9	2.935	2.455
402	14	7.2250000000000005	3.54
403	1	5.985	1.7
403	9	2.965	2.48
403	14	7.265000000000001	3.555
404	1	5.955	1.7
404	9	3.005	2.49
404	14	7.3	3.555
405	1	5.92	1.7
405	9	3.045	2.5
406	1	5.9	1.7
406	9	3.075	2.515
407	1	5.88	1.7
407	9	3.085	2.515
408	1	5.87	1.7
408	9	3.095	2.515
409	1	5.865	1.71
409	9	3.095	2.505
410	1	5.865	1.71
410	9	3.09	2.5100000000000002
411	1	5.855	1.71
411	9	3.09	2.5
412	1	5.845	1.71
412	9	3.09	2.5
413	1	5.835	1.72
413	9	3.09	2.495
414	1	5.82	1.72
414	9	3.09	2.495
415	1	5.79	1.72
415	9	3.09	2.495
416	1	5.7700000000000005	1.73
416	9	3.09	2.485
417	1	5.74	1.745
417	9	3.1	2.485
418	1	5.72	1.7550000000000001
418	9	3.1	2.485
419	1	5.695	1.7650000000000001
419	9	3.1	2.485
420	1	5.655	1.7750000000000001
420	9	3.105	2.485
421	1	5.625	1.79
421	9	3.105	2.485
422	1	5.585	1.79
422	9	3.105	2.485
423	1	5.545	1.8
423	9	3.105	2.485
423	10	7.495	3.33
424	1	5.515	1.815
424	9	3.115	2.485
424	10	7.45	3.31
425	1	5.485	1.825
425	9	3.115	2.485
425	10	7.405	3.295
426	1	5.455	1.835
426	9	3.115	2.485
426	10	7.355	3.275
427	1	5.43	1.86
427	9	3.115	2.485
427	10	7.305	3.255
428	1	5.4	1.87
428	9	3.115	2.485
428	10	7.235	3.23
429	1	5.38	1.8800000000000001
429	9	3.12	2.485
429	10	7.175	3.22
430	1	5.3500000000000005	1.9000000000000001
430	9	3.13	2.48
430	10	7.1000000000000005	3.21
431	1	5.33	1.915
431	9	3.13	2.48
431	10	7.04	3.185
432	1	5.3	1.925
432	9	3.13	2.48
432	10	6.965	3.1750000000000003
433	1	5.28	1.945
433	9	3.13	2.48
433	10	6.890000000000001	3.16
434	1	5.26	1.96
434	9	3.13	2.48
434	10	6.815	3.15
435	1	5.235	1.97
435	9	3.13	2.48
435	10	6.745	3.13
436	1	5.215	1.98
436	9	3.13	2.48
436	10	6.68	3.115
437	1	5.195	2.005
437	9	3.14	2.48
437	10	6.605	3.105
438	1	5.175	2.015
438	9	3.145	2.48
438	10	6.53	3.09
439	1	5.155	2.025
439	9	3.145	2.48
439	10	6.455	3.0700000000000003
440	1	5.135	2.05
440	9	3.145	2.48
440	10	6.3950000000000005	3.055
441	1	5.115	2.06
441	9	3.145	2.48
441	10	6.32	3.045
442	1	5.095	2.07
442	9	3.145	2.475
442	10	6.255	3.035
443	1	5.08	2.085
443	9	3.1550000000000002	2.465
443	10	6.19	3.0100000000000002
444	1	5.07	2.105
444	9	3.1550000000000002	2.465
444	10	6.140000000000001	3.0
445	1	5.05	2.115
445	9	3.1550000000000002	2.465
445	10	6.085	2.975
446	1	5.04	2.13
446	9	3.165	2.465
446	10	6.03	2.965
447	1	5.03	2.14
447	9	3.18	2.475
447	10	5.985	2.95
448	1	5.03	2.165
448	9	3.19	2.475
448	10	5.9350000000000005	2.94
449	1	5.025	2.1750000000000003
449	9	3.21	2.475
449	10	5.89	2.9250000000000003
450	1	5.025	2.19
450	9	3.24	2.475
450	10	5.84	2.915
451	1	5.025	2.2
451	9	3.27	2.485
451	10	5.79	2.9050000000000002
452	1	5.025	2.22
452	9	3.3000000000000003	2.485
452	10	5.74	2.88
453	1	5.035	2.235
453	9	3.33	2.495
453	10	5.6850000000000005	2.87
454	1	5.05	2.255
454	9	3.36	2.495
454	10	5.635	2.855
455	1	5.07	2.2800000000000002
455	9	3.39	2.505
455	10	5.585	2.845
456	1	5.09	2.3000000000000003
456	9	3.435	2.505
456	10	5.535	2.825
457	1	5.12	2.335
457	9	3.475	2.515
457	10	5.485	2.81
458	1	5.15	2.355
458	9	3.515	2.5300000000000002
458	10	5.43	2.8000000000000003
459	1	5.18	2.38
459	9	3.565	2.5300000000000002
459	10	5.38	2.775
460	1	5.215	2.41
460	9	3.61	2.545
460	10	5.33	2.765
461	1	5.245	2.435
461	9	3.66	2.555
461	10	5.28	2.755
462	1	5.275	2.455
462	9	3.71	2.57
462	10	5.23	2.73
463	1	5.305	2.49
463	9	3.7600000000000002	2.585
463	10	5.175	2.72
464	1	5.335	2.5100000000000002
464	9	3.81	2.595
464	10	5.125	2.705
465	1	5.365	2.535
465	9	3.86	2.61
465	10	5.075	2.685
466	1	5.4	2.555
466	9	3.91	2.62
466	10	5.015	2.6750000000000003
467	1	5.43	2.59
467	2	7.22	3.715
467	9	3.97	2.6350000000000002
467	10	4.965	2.65
468	1	5.47	2.615
468	2	7.165	3.6950000000000003
468	9	4.0200000000000005	2.645
468	10	4.905	2.64
469	1	5.505	2.6350000000000002
469	2	7.105	3.65
469	9	4.08	2.6550000000000002
469	10	4.835	2.615
470	1	5.535	2.65
470	2	7.04	3.615
470	9	4.14	2.665
470	10	4.775	2.595
471	1	5.575	2.6750000000000003
471	2	6.97	3.575
471	9	4.195	2.6750000000000003
471	10	4.705	2.575
472	1	5.615	2.7
472	2	6.890000000000001	3.54
472	9	4.255	2.685
472	10	4.6450000000000005	2.56
473	1	5.655	2.72
473	2	6.825	3.5100000000000002
473	9	4.315	2.695
473	10	4.595	2.54
474	1	5.695	2.745
474	2	6.755	3.475
474	9	4.365	2.715
474	10	4.545	2.5300000000000002
475	1	5.735	2.77
475	2	6.705	3.44
475	9	4.425	2.725
475	10	4.495	2.52
476	1	5.775	2.795
476	2	6.640000000000001	3.42
476	9	4.485	2.74
476	10	4.445	2.505
477	1	5.8	2.815
477	2	6.585	3.395
477	9	4.535	2.755
477	10	4.3950000000000005	2.495
478	1	5.84	2.84
478	2	6.525	3.37
478	9	4.595	2.7800000000000002
478	10	4.345	2.485
479	1	5.88	2.865
479	2	6.4750000000000005	3.35
479	9	4.6450000000000005	2.795
479	10	4.305	2.47
480	1	5.92	2.89
480	2	6.42	3.325
480	9	4.705	2.81
480	10	4.255	2.45
481	1	5.96	2.9
481	2	6.36	3.3000000000000003
481	9	4.755	2.835
481	10	4.205	2.44
482	1	6.0	2.9250000000000003
482	2	6.305	3.2800000000000002
482	9	4.815	2.855
482	10	4.155	2.4250000000000003
483	1	6.04	2.95
483	2	6.255	3.255
483	9	4.87	2.87
483	10	4.115	2.415
484	1	6.07	2.975
484	2	6.19	3.23
484	9	4.93	2.895
484	10	4.07	2.4050000000000002
485	1	6.105	2.995
485	2	6.140000000000001	3.21
485	9	4.98	2.91
485	10	4.0200000000000005	2.39
486	1	6.135	3.02
486	2	6.09	3.185
486	9	5.03	2.94
486	10	3.97	2.38
487	1	6.155	3.0300000000000002
487	2	6.045	3.16
487	9	5.09	2.955
487	10	3.915	2.37
488	1	6.175	3.055
488	2	6.005	3.1350000000000002
488	9	5.14	2.98
488	10	3.865	2.37
489	1	6.19	3.065
489	2	5.98	3.125
489	9	5.19	3.0
489	10	3.815	2.355
490	1	6.19	3.075
490	2	5.95	3.1
490	9	5.24	3.035
490	10	3.765	2.355
491	1	6.2	3.095
491	2	5.9350000000000005	3.075
491	9	5.295	3.06
491	10	3.715	2.345
492	1	6.21	3.105
492	2	5.915	3.065
492	9	5.345	3.09
492	10	3.6550000000000002	2.33
493	1	6.22	3.115
493	2	5.8950000000000005	3.04
493	9	5.3950000000000005	3.115
493	10	3.605	2.33
494	1	6.22	3.125
494	2	5.87	3.02
494	9	5.445	3.1350000000000002
494	10	3.5500000000000003	2.32
495	1	6.23	3.145
495	2	5.86	3.005
495	9	5.495	3.17
495	10	3.5	2.315
496	1	6.24	3.16
496	2	5.84	2.98
496	9	5.5600000000000005	3.19
496	10	3.45	2.305
497	1	6.245	3.17
497	2	5.83	2.97
497	9	5.61	3.225
497	10	3.39	2.305
498	1	6.255	3.18
498	2	5.82	2.95
498	9	5.67	3.245
498	10	3.34	2.29
499	1	6.265000000000001	3.19
499	2	5.8	2.9250000000000003
499	9	5.73	3.2800000000000002
499	10	3.29	2.29
500	1	6.265000000000001	3.21
500	2	5.79	2.915
500	9	5.79	3.3000000000000003
500	10	3.24	2.2800000000000002
501	1	6.275	3.22
501	2	5.775	2.89
501	9	5.865	3.335
501	10	3.185	2.2800000000000002
502	1	6.285	3.23
502	2	5.755	2.87
502	9	5.945	3.355
502	10	3.1350000000000002	2.265
503	1	6.285	3.23
503	2	5.745	2.855
503	9	6.015000000000001	3.39
503	10	3.085	2.265
504	1	6.295	3.23
504	2	5.7250000000000005	2.835
504	9	6.095	3.41
504	10	3.035	2.255
505	1	6.295	3.24
505	2	5.705	2.82
505	9	6.18	3.4450000000000003
505	10	2.995	2.255
505	18	7.5	2.835
506	1	6.305	3.235
506	2	5.6850000000000005	2.81
506	9	6.26	3.465
506	10	2.955	2.24
506	18	7.465	2.83
507	1	6.305	3.235
507	2	5.655	2.795
507	4	7.16	5.055
507	9	6.34	3.5
507	10	2.915	2.23
507	18	7.42	2.82
508	1	6.315	3.225
508	2	5.625	2.785
508	4	7.0600000000000005	5.04
508	9	6.43	3.5300000000000002
508	10	2.875	2.23
508	18	7.365	2.8000000000000003
509	1	6.315	3.225
509	2	5.605	2.775
509	4	6.945	5.0200000000000005
509	9	6.53	3.555
509	10	2.835	2.22
509	18	7.32	2.785
510	1	6.325	3.22
510	2	5.575	2.7600000000000002
510	4	6.805	5.0
510	9	6.625	3.585
510	10	2.795	2.22
510	18	7.275	2.77
511	1	6.325	3.22
511	2	5.545	2.74
511	4	6.67	4.985
511	9	6.715	3.62
511	10	2.755	2.21
511	18	7.2250000000000005	2.75
512	1	6.335	3.22
512	2	5.515	2.725
512	4	6.5200000000000005	4.965
512	9	6.805	3.64
512	10	2.715	2.205
512	18	7.175	2.74
513	1	6.335	3.22
513	2	5.4750000000000005	2.715
513	4	6.385	4.945
513	9	6.8950000000000005	3.6750000000000003
513	10	2.68	2.195
513	18	7.125	2.715
514	1	6.345	3.215
514	2	5.4350000000000005	2.69
514	4	6.25	4.92
514	9	6.995	3.705
514	10	2.64	2.185
514	18	7.075	2.705
515	1	6.345	3.215
515	2	5.385	2.68
515	4	6.1000000000000005	4.9
515	9	7.09	3.73
515	10	2.6	2.185
515	18	7.025	2.68
516	1	6.355	3.215
516	2	5.335	2.6550000000000002
516	4	5.965	4.88
516	9	7.17	3.765
516	10	2.57	2.1750000000000003
516	18	6.985	2.665
517	1	6.355	3.215
517	2	5.285	2.6350000000000002
517	4	5.83	4.865
517	9	7.25	3.785
517	10	2.5300000000000002	2.1750000000000003
517	18	6.9350000000000005	2.645
518	1	6.365	3.21
518	2	5.245	2.625
518	4	5.68	4.845
518	9	7.32	3.805
518	10	2.49	2.16
518	18	6.885	2.63
519	1	6.365	3.21
519	2	5.2	2.6
519	4	5.545	4.815
519	9	7.37	3.8200000000000003
519	10	2.45	2.16
519	18	6.835	2.615
520	1	6.375	3.21
520	2	5.16	2.58
520	4	5.405	4.8
520	10	2.42	2.15
520	18	6.785	2.595
521	1	6.385	3.21
521	2	5.13	2.565
521	4	5.26	4.78
521	10	2.38	2.15
521	18	6.745	2.58
522	1	6.385	3.22
522	2	5.1000000000000005	2.545
522	4	5.125	4.76
522	10	2.35	2.14
522	18	6.695	2.56
523	1	6.3950000000000005	3.22
523	2	5.07	2.5300000000000002
523	4	4.985	4.745
523	10	2.31	2.14
523	18	6.655	2.545
524	1	6.41	3.23
524	2	5.04	2.5100000000000002
524	4	4.855	4.7250000000000005
524	10	2.2800000000000002	2.125
524	18	6.615	2.52
525	1	6.42	3.245
525	2	5.01	2.495
525	4	4.73	4.705
525	10	2.24	2.115
525	18	6.585	2.5
526	1	6.43	3.245
526	2	4.98	2.475
526	4	4.61	4.6850000000000005
526	10	2.21	2.115
526	18	6.555	2.485
527	1	6.44	3.255
527	2	4.95	2.45
527	4	4.485	4.665
527	10	2.17	2.105
527	18	6.5200000000000005	2.465
528	1	6.455	3.265
528	2	4.92	2.44
528	4	4.375	4.6450000000000005
528	10	2.14	2.105
528	18	6.49	2.44
529	1	6.465	3.265
529	2	4.89	2.415
529	3	4.09	4.9
529	4	4.255	4.625
529	10	2.1	2.095
529	18	6.47	2.4250000000000003
530	1	6.465	3.2800000000000002
530	2	4.8500000000000005	2.4050000000000002
530	3	3.995	4.87
530	4	4.14	4.6000000000000005
530	10	2.07	2.09
530	18	6.44	2.4050000000000002
531	1	6.4750000000000005	3.29
531	2	4.82	2.3850000000000002
531	3	3.8850000000000002	4.84
531	4	4.03	4.59
531	10	2.035	2.08
531	18	6.41	2.38
532	1	6.49	3.29
532	2	4.785	2.37
532	3	3.755	4.805
532	4	3.92	4.57
532	10	2.005	2.08
532	18	6.390000000000001	2.37
533	1	6.5	3.3000000000000003
533	2	4.755	2.35
533	3	3.615	4.775
533	4	3.795	4.55
533	10	1.965	2.07
533	18	6.36	2.345
534	1	6.51	3.31
534	2	4.7250000000000005	2.335
534	3	3.48	4.74
534	4	3.685	4.53
534	10	1.935	2.07
534	18	6.34	2.335
535	1	6.525	3.31
535	2	4.695	2.315
535	3	3.34	4.7
535	4	3.575	4.5200000000000005
535	10	1.895	2.06
535	18	6.32	2.32
536	1	6.535	3.325
536	2	4.665	2.3000000000000003
536	3	3.21	4.665
536	4	3.46	4.5
536	10	1.865	2.055
536	18	6.3100000000000005	2.3000000000000003
537	1	6.545	3.335
537	2	4.635	2.29
537	3	3.08	4.635
537	4	3.37	4.48
537	10	1.825	2.045
537	18	6.29	2.29
538	1	6.545	3.335
538	2	4.605	2.265
538	3	2.95	4.6000000000000005
538	4	3.2800000000000002	4.465
538	10	1.795	2.045
538	18	6.28	2.265
539	1	6.5600000000000005	3.345
539	2	4.585	2.255
539	3	2.825	4.57
539	4	3.205	4.455
539	10	1.7650000000000001	2.035
539	18	6.2700000000000005	2.255
540	1	6.5600000000000005	3.355
540	2	4.555	2.24
540	3	2.72	4.545
540	4	3.145	4.445
540	10	1.725	2.035
540	18	6.25	2.235
541	1	6.5600000000000005	3.38
541	2	4.525	2.23
541	3	2.62	4.525
541	4	3.085	4.4350000000000005
541	10	1.695	2.035
541	18	6.24	2.215
542	1	6.55	3.39
542	2	4.495	2.215
542	3	2.525	4.515
542	4	3.0300000000000002	4.425
542	10	1.665	2.02
542	18	6.23	2.19
543	1	6.545	3.41
543	2	4.465	2.205
543	3	2.44	4.49
543	4	2.97	4.415
543	10	1.635	2.02
543	18	6.22	2.17
544	1	6.545	3.42
544	2	4.4350000000000005	2.19
544	3	2.36	4.48
544	4	2.92	4.405
544	10	1.6	2.0100000000000002
544	18	6.195	2.15
545	1	6.535	3.435
545	2	4.4	2.18
545	3	2.29	4.465
545	4	2.865	4.39
545	10	1.57	2.0100000000000002
545	18	6.1850000000000005	2.14
546	1	6.535	3.46
546	2	4.37	2.16
546	3	2.22	4.455
546	4	2.815	4.39
546	10	1.54	2.005
546	18	6.175	2.115
547	1	6.535	3.47
547	2	4.3500000000000005	2.145
547	3	2.16	4.455
547	4	2.765	4.38
547	10	1.51	1.995
547	18	6.165	2.095
548	1	6.535	3.485
548	2	4.32	2.1350000000000002
548	3	2.115	4.44
548	4	2.72	4.38
548	10	1.47	1.995
548	18	6.1450000000000005	2.075
549	1	6.535	3.5
549	2	4.29	2.12
549	3	2.075	4.43
549	4	2.68	4.38
549	10	1.44	1.995
549	18	6.135	2.065
550	1	6.535	3.515
550	2	4.26	2.11
550	3	2.045	4.42
550	4	2.64	4.39
550	10	1.4000000000000001	1.995
550	18	6.125	2.045
551	1	6.535	3.5300000000000002
551	2	4.23	2.095
551	3	2.025	4.405
551	4	2.6	4.39
551	10	1.36	1.995
551	18	6.105	2.0300000000000002
552	1	6.525	3.54
552	2	4.2	2.085
552	3	2.02	4.3950000000000005
552	4	2.555	4.4
552	10	1.32	1.995
552	18	6.095	2.0300000000000002
553	1	6.525	3.545
553	2	4.17	2.07
553	3	2.02	4.38
553	4	2.505	4.42
553	10	1.28	1.995
553	18	6.085	2.02
554	1	6.525	3.555
554	2	4.14	2.06
554	3	2.0300000000000002	4.37
554	4	2.465	4.445
554	10	1.24	1.995
554	18	6.075	2.0100000000000002
555	1	6.525	3.555
555	2	4.12	2.035
555	3	2.05	4.36
555	4	2.42	4.465
555	10	1.19	1.995
555	18	6.055	2.005
556	1	6.525	3.555
556	2	4.09	2.025
556	3	2.055	4.3500000000000005
556	4	2.38	4.5
556	10	1.1500000000000001	2.005
556	18	6.045	1.995
557	1	6.525	3.555
557	2	4.0600000000000005	2.0100000000000002
557	3	2.075	4.325
557	4	2.33	4.5200000000000005
557	10	1.11	2.005
557	18	6.035	1.985
558	1	6.525	3.555
558	2	4.025	2.0
558	3	2.08	4.315
558	4	2.295	4.545
558	10	1.06	2.0100000000000002
558	18	6.025	1.985
559	1	6.525	3.555
559	2	3.995	1.99
559	3	2.09	4.305
559	4	2.265	4.58
559	10	1.02	2.02
559	18	6.015000000000001	1.97
560	1	6.525	3.555
560	2	3.9650000000000003	1.975
560	3	2.11	4.29
560	4	2.235	4.6000000000000005
560	10	0.97	2.02
560	18	6.005	1.97
561	1	6.525	3.555
561	2	3.935	1.965
561	3	2.115	4.28
561	4	2.205	4.625
561	10	0.92	2.02
561	18	6.0	1.97
562	1	6.525	3.555
562	2	3.9050000000000002	1.95
562	3	2.1350000000000002	4.2700000000000005
562	4	2.18	4.6450000000000005
562	10	0.86	2.0300000000000002
562	18	5.99	1.97
563	1	6.53	3.555
563	2	3.875	1.94
563	3	2.145	4.255
563	4	2.16	4.67
563	10	0.81	2.0300000000000002
563	18	5.99	1.965
564	1	6.53	3.555
564	2	3.845	1.925
564	3	2.16	4.245
564	4	2.13	4.695
564	10	0.76	2.04
564	18	5.99	1.965
565	1	6.53	3.555
565	2	3.815	1.915
565	3	2.17	4.235
565	4	2.115	4.715
565	10	0.7000000000000001	2.04
565	18	5.98	1.965
566	1	6.53	3.555
566	2	3.775	1.905
566	3	2.18	4.22
566	4	2.085	4.74
566	10	0.645	2.045
566	18	5.97	1.965
567	1	6.53	3.565
567	2	3.725	1.9000000000000001
567	3	2.195	4.2
567	4	2.065	4.75
567	10	0.585	2.045
567	18	5.96	1.975
568	1	6.53	3.565
568	2	3.685	1.8900000000000001
568	3	2.205	4.19
568	4	2.04	4.775
568	10	0.535	2.055
568	18	5.94	1.98
569	1	6.53	3.56
569	2	3.6350000000000002	1.8900000000000001
569	3	2.225	4.175
569	4	2.02	4.8
569	10	0.485	2.055
569	18	5.92	1.99
570	1	6.53	3.56
570	2	3.585	1.8900000000000001
570	3	2.23	4.165
570	4	1.99	4.82
570	10	0.425	2.065
570	18	5.9	2.0
571	1	6.53	3.56
571	2	3.535	1.8900000000000001
571	3	2.25	4.155
571	4	1.97	4.845
571	10	0.375	2.065
571	18	5.88	2.0100000000000002
572	1	6.53	3.56
572	2	3.485	1.875
572	3	2.255	4.14
572	4	1.955	4.865
572	10	0.325	2.075
572	18	5.87	2.025
573	1	6.53	3.56
573	2	3.435	1.875
573	3	2.265	4.13
573	4	1.935	4.89
573	10	0.265	2.075
573	18	5.87	2.035
574	1	6.53	3.56
574	2	3.3850000000000002	1.875
574	3	2.285	4.12
574	4	1.935	4.9
574	10	0.225	2.085
574	18	5.87	2.035
575	1	6.53	3.56
575	2	3.335	1.875
575	3	2.29	4.105
575	4	1.955	4.92
575	10	0.185	2.085
575	18	5.87	2.05
576	1	6.53	3.56
576	2	3.285	1.865
576	3	2.31	4.095
576	4	1.985	4.93
576	5	7.275	2.855
576	10	0.155	2.085
576	18	5.88	2.06
577	1	6.525	3.56
577	2	3.235	1.865
577	3	2.34	4.075
577	4	2.0300000000000002	4.94
577	5	7.235	2.84
577	10	0.145	2.095
577	18	5.89	2.075
578	1	6.525	3.56
578	2	3.185	1.86
578	3	2.38	4.0600000000000005
578	4	2.09	4.95
578	5	7.175	2.83
578	18	5.9	2.085
579	1	6.525	3.56
579	2	3.1350000000000002	1.86
579	3	2.43	4.05
579	4	2.145	4.955
579	5	7.125	2.81
579	18	5.92	2.1
580	1	6.525	3.56
580	2	3.085	1.85
580	3	2.5100000000000002	4.025
580	4	2.205	4.965
580	5	7.065	2.795
580	18	5.94	2.11
581	1	6.525	3.56
581	2	3.035	1.85
581	3	2.6	4.0
581	4	2.2600000000000002	4.9750000000000005
581	5	7.005	2.775
581	18	5.97	2.125
582	1	6.525	3.56
582	2	2.985	1.85
582	3	2.7	3.975
582	4	2.32	4.98
582	5	6.945	2.765
582	18	6.01	2.145
583	1	6.525	3.56
583	2	2.9250000000000003	1.85
583	3	2.805	3.96
583	4	2.37	4.99
583	5	6.875	2.74
583	18	6.05	2.16
584	1	6.525	3.56
584	2	2.875	1.835
584	3	2.9050000000000002	3.935
584	4	2.4250000000000003	4.995
584	5	6.815	2.73
584	18	6.085	2.18
585	1	6.525	3.56
585	2	2.825	1.835
585	3	3.015	3.91
585	4	2.465	5.0
585	5	6.755	2.71
585	18	6.135	2.195
586	1	6.525	3.56
586	2	2.775	1.835
586	3	3.115	3.8850000000000002
586	4	2.515	5.005
586	5	6.695	2.685
586	18	6.175	2.215
587	1	6.525	3.56
587	2	2.725	1.835
587	3	3.22	3.865
587	4	2.555	5.01
587	5	6.635	2.6750000000000003
587	18	6.215	2.23
588	1	6.525	3.56
588	2	2.6750000000000003	1.825
588	3	3.33	3.84
588	4	2.595	5.0200000000000005
588	5	6.575	2.6550000000000002
588	18	6.265000000000001	2.25
589	1	6.525	3.5700000000000003
589	2	2.625	1.825
589	3	3.435	3.825
589	4	2.645	5.025
589	5	6.515000000000001	2.64
589	18	6.305	2.275
590	1	6.5200000000000005	3.565
590	2	2.575	1.82
590	3	3.555	3.8000000000000003
590	4	2.685	5.04
590	5	6.455	2.62
590	18	6.355	2.295
591	1	6.5200000000000005	3.565
591	2	2.525	1.82
591	3	3.66	3.7800000000000002
591	4	2.725	5.035
591	5	6.3950000000000005	2.605
591	18	6.3950000000000005	2.32
592	1	6.5200000000000005	3.565
592	2	2.475	1.81
592	3	3.775	3.765
592	4	2.755	5.04
592	5	6.335	2.585
592	18	6.4350000000000005	2.34
593	1	6.5200000000000005	3.565
593	2	2.4250000000000003	1.81
593	3	3.89	3.74
593	4	2.785	5.05
593	5	6.275	2.565
593	18	6.485	2.36
594	1	6.5200000000000005	3.565
594	2	2.375	1.81
594	3	4.005	3.715
594	4	2.815	5.05
594	5	6.215	2.5500000000000003
594	18	6.525	2.3850000000000002
595	1	6.5200000000000005	3.565
595	2	2.325	1.81
595	3	4.11	3.705
595	4	2.835	5.04
595	5	6.155	2.5300000000000002
595	18	6.575	2.4050000000000002
596	1	6.5200000000000005	3.565
596	2	2.275	1.795
596	3	4.23	3.68
596	4	2.865	5.045
596	5	6.095	2.52
596	18	6.615	2.43
597	1	6.5200000000000005	3.565
597	2	2.225	1.795
597	3	4.345	3.66
597	4	2.895	5.045
597	5	6.035	2.495
597	18	6.665	2.455
598	1	6.5200000000000005	3.565
598	2	2.1750000000000003	1.795
598	3	4.45	3.645
598	4	2.945	5.04
598	5	5.9750000000000005	2.485
598	18	6.71	2.475
599	1	6.5200000000000005	3.565
599	2	2.125	1.795
599	3	4.55	3.625
599	4	3.0	5.04
599	5	5.915	2.46
599	18	6.76	2.5
600	1	6.5200000000000005	3.565
600	2	2.075	1.7850000000000001
600	3	4.6450000000000005	3.6
600	4	3.0500000000000003	5.03
600	5	5.855	2.44
600	18	6.8100000000000005	2.525
601	1	6.5200000000000005	3.565
601	2	2.025	1.7850000000000001
601	3	4.735	3.59
601	4	3.1	5.035
601	5	5.795	2.43
601	18	6.8500000000000005	2.535
602	1	6.5200000000000005	3.565
602	2	1.975	1.78
602	3	4.825	3.5700000000000003
602	4	3.15	5.035
602	5	5.735	2.4050000000000002
602	18	6.905	2.56
603	1	6.5200000000000005	3.565
603	2	1.925	1.78
603	3	4.915	3.555
603	4	3.2	5.03
603	5	5.675	2.395
603	18	6.945	2.585
604	1	6.515000000000001	3.565
604	2	1.885	1.77
604	3	5.0	3.535
604	4	3.2600000000000002	5.03
604	5	5.615	2.375
604	18	6.995	2.605
605	1	6.515000000000001	3.565
605	2	1.84	1.77
605	3	5.09	3.525
605	4	3.31	5.0200000000000005
605	5	5.565	2.36
605	18	7.035	2.63
606	1	6.515000000000001	3.565
606	2	1.81	1.77
606	3	5.18	3.505
606	4	3.36	5.025
606	5	5.515	2.35
606	18	7.09	2.6550000000000002
607	1	6.515000000000001	3.565
607	2	1.77	1.77
607	3	5.2700000000000005	3.49
607	4	3.41	5.015
607	5	5.465	2.33
607	18	7.13	2.6750000000000003
608	1	6.515000000000001	3.565
608	2	1.73	1.7650000000000001
608	3	5.36	3.47
608	4	3.47	5.0200000000000005
608	5	5.415	2.315
608	18	7.18	2.7
609	1	6.515000000000001	3.565
609	2	1.7	1.7650000000000001
609	3	5.45	3.46
609	4	3.52	5.0200000000000005
609	5	5.365	2.305
609	18	7.2250000000000005	2.725
610	1	6.515000000000001	3.56
610	2	1.67	1.7550000000000001
610	3	5.535	3.435
610	4	3.575	5.015
610	5	5.315	2.29
610	18	7.275	2.75
611	1	6.515000000000001	3.5700000000000003
611	2	1.6300000000000001	1.7550000000000001
611	3	5.615	3.415
611	4	3.6350000000000002	5.015
611	5	5.255	2.27
611	6	0.245	2.165
611	18	7.315	2.77
612	1	6.515000000000001	3.5700000000000003
612	2	1.6	1.7550000000000001
612	3	5.6850000000000005	3.4
612	4	3.685	5.005
612	5	5.205	2.2600000000000002
612	6	0.28500000000000003	2.165
612	18	7.345	2.785
613	1	6.515000000000001	3.5700000000000003
613	2	1.57	1.7550000000000001
613	3	5.745	3.38
613	4	3.735	5.01
613	5	5.155	2.245
613	6	0.325	2.1550000000000002
613	18	7.365	2.795
614	1	6.515000000000001	3.5700000000000003
614	2	1.54	1.7550000000000001
614	3	5.79	3.35
614	4	3.785	5.01
614	5	5.105	2.225
614	6	0.385	2.145
615	1	6.515000000000001	3.5700000000000003
615	2	1.51	1.7550000000000001
615	3	5.83	3.325
615	4	3.835	5.005
615	5	5.0600000000000005	2.21
615	6	0.435	2.145
616	1	6.505	3.56
616	2	1.49	1.7550000000000001
616	3	5.87	3.3000000000000003
616	4	3.875	5.005
616	5	5.01	2.2
616	6	0.485	2.1350000000000002
617	1	6.49	3.56
617	2	1.48	1.7550000000000001
617	3	5.885	3.275
617	4	3.9050000000000002	4.995
617	5	4.96	2.185
617	6	0.545	2.125
618	1	6.46	3.5500000000000003
618	2	1.455	1.7550000000000001
618	3	5.915	3.25
618	4	3.9250000000000003	4.99
618	5	4.91	2.17
618	6	0.595	2.125
619	1	6.42	3.525
619	2	1.445	1.7550000000000001
619	3	5.9350000000000005	3.225
619	4	3.935	4.98
619	5	4.865	2.165
619	6	0.655	2.115
620	1	6.38	3.505
620	2	1.435	1.7550000000000001
620	3	5.965	3.2
620	4	3.9450000000000003	4.985
620	5	4.82	2.1550000000000002
620	6	0.705	2.105
621	1	6.33	3.48
621	2	1.415	1.7550000000000001
621	3	5.99	3.165
621	4	3.96	4.965
621	5	4.7700000000000005	2.14
621	6	0.755	2.105
622	1	6.28	3.45
622	2	1.405	1.7550000000000001
622	3	6.03	3.13
622	4	3.95	4.955
622	5	4.73	2.13
622	6	0.8150000000000001	2.095
623	1	6.22	3.4250000000000003
623	2	1.395	1.7550000000000001
623	3	6.0600000000000005	3.11
623	4	3.94	4.9350000000000005
623	5	4.68	2.115
623	6	0.865	2.085
624	1	6.165	3.4050000000000002
624	2	1.385	1.7550000000000001
624	3	6.1000000000000005	3.075
624	4	3.92	4.9
624	5	4.64	2.105
624	6	0.925	2.085
625	1	6.115	3.37
625	2	1.365	1.7550000000000001
625	3	6.13	3.04
625	4	3.9	4.87
625	5	4.585	2.095
625	6	0.975	2.075
626	1	6.055	3.345
626	2	1.355	1.7550000000000001
626	3	6.165	3.015
626	4	3.87	4.835
626	5	4.535	2.08
626	6	1.025	2.065
627	1	6.005	3.315
627	2	1.345	1.7550000000000001
627	3	6.195	2.98
627	4	3.85	4.805
627	5	4.495	2.07
627	6	1.085	2.065
628	1	5.945	3.2800000000000002
628	2	1.325	1.7550000000000001
628	3	6.235	2.945
628	4	3.8200000000000003	4.7700000000000005
628	5	4.445	2.055
628	6	1.135	2.05
629	1	5.885	3.25
629	2	1.315	1.7550000000000001
629	3	6.265000000000001	2.91
629	4	3.79	4.745
629	5	4.405	2.055
629	6	1.195	2.04
630	1	5.82	3.215
630	2	1.305	1.7550000000000001
630	3	6.305	2.8850000000000002
630	4	3.765	4.72
630	5	4.3500000000000005	2.045
630	6	1.245	2.04
631	1	5.76	3.185
631	2	1.285	1.7550000000000001
631	3	6.34	2.85
631	4	3.735	4.695
631	5	4.3100000000000005	2.0300000000000002
631	6	1.305	2.0300000000000002
632	1	5.7	3.15
632	2	1.2750000000000001	1.76
632	3	6.37	2.815
632	4	3.715	4.68
632	5	4.26	2.02
632	6	1.355	2.02
633	1	5.64	3.12
633	2	1.2750000000000001	1.76
633	3	6.41	2.79
633	4	3.685	4.655
633	5	4.21	2.0100000000000002
633	6	1.405	2.02
634	1	5.58	3.095
634	2	1.2650000000000001	1.76
634	3	6.44	2.755
634	4	3.665	4.63
634	5	4.165	1.995
634	6	1.465	2.0100000000000002
635	1	5.53	3.06
635	2	1.2650000000000001	1.76
635	3	6.4750000000000005	2.725
635	4	3.63	4.61
635	5	4.115	1.995
635	6	1.5150000000000001	2.0
636	1	5.47	3.04
636	2	1.2750000000000001	1.76
636	3	6.505	2.7
636	4	3.61	4.585
636	5	4.065	1.985
636	6	1.575	2.0
637	1	5.415	3.015
637	2	1.2750000000000001	1.76
637	3	6.525	2.665
637	4	3.6	4.57
637	5	4.025	1.985
637	6	1.625	1.99
638	1	5.365	2.995
638	2	1.28	1.77
638	3	6.545	2.64
638	4	3.6	4.5600000000000005
638	5	3.975	1.975
638	6	1.675	1.98
639	1	5.315	2.96
639	2	1.28	1.77
639	3	6.555	2.62
639	4	3.6	4.545
639	5	3.9250000000000003	1.975
639	6	1.725	1.98
640	1	5.265	2.94
640	2	1.29	1.77
640	3	6.565	2.595
640	4	3.605	4.535
640	5	3.875	1.975
640	6	1.77	1.97
641	1	5.205	2.915
641	2	1.3	1.78
641	3	6.5600000000000005	2.575
641	4	3.615	4.535
641	5	3.825	1.965
641	6	1.82	1.97
642	1	5.155	2.895
642	2	1.3	1.78
642	3	6.57	2.555
642	4	3.625	4.525
642	5	3.785	1.96
642	6	1.87	1.96
643	1	5.105	2.87
643	2	1.31	1.78
643	3	6.57	2.5300000000000002
643	4	3.6350000000000002	4.515
643	5	3.735	1.96
643	6	1.92	1.95
644	1	5.065	2.85
644	2	1.32	1.78
644	3	6.57	2.5100000000000002
644	4	3.6350000000000002	4.5
644	5	3.685	1.95
644	6	1.97	1.95
645	1	5.015	2.825
645	2	1.33	1.79
645	3	6.57	2.485
645	4	3.6350000000000002	4.49
645	5	3.6350000000000002	1.95
645	6	2.02	1.935
646	1	4.985	2.805
646	2	1.35	1.79
646	3	6.58	2.475
646	4	3.62	4.4750000000000005
646	5	3.585	1.94
646	6	2.07	1.935
647	1	4.945	2.7800000000000002
647	2	1.3800000000000001	1.805
647	3	6.58	2.455
647	4	3.6	4.465
647	5	3.545	1.94
647	6	2.12	1.925
648	1	4.92	2.7600000000000002
648	2	1.41	1.805
648	3	6.575	2.43
648	4	3.59	4.44
648	5	3.495	1.94
648	6	2.17	1.915
649	1	4.89	2.725
649	2	1.44	1.805
649	3	6.575	2.41
649	4	3.58	4.43
649	5	3.4450000000000003	1.93
649	6	2.22	1.915
650	1	4.86	2.705
650	2	1.48	1.815
650	3	6.565	2.39
650	4	3.56	4.415
650	5	3.395	1.93
650	6	2.265	1.905
651	1	4.845	2.68
651	2	1.51	1.815
651	3	6.555	2.375
651	4	3.5500000000000003	4.39
651	5	3.35	1.925
651	6	2.305	1.905
652	1	4.825	2.66
652	2	1.55	1.825
652	3	6.545	2.355
652	4	3.5300000000000002	4.38
652	5	3.3000000000000003	1.925
652	6	2.355	1.895
653	1	4.815	2.6350000000000002
653	2	1.58	1.825
653	3	6.53	2.335
653	4	3.515	4.355
653	5	3.2600000000000002	1.925
653	6	2.4050000000000002	1.895
654	1	4.8	2.615
654	2	1.62	1.825
654	3	6.5	2.315
654	4	3.495	4.345
654	5	3.21	1.925
654	6	2.465	1.885
655	1	4.79	2.59
655	2	1.6500000000000001	1.835
655	3	6.48	2.3000000000000003
655	4	3.475	4.33
655	5	3.17	1.92
655	6	2.515	1.875
656	1	4.785	2.565
656	2	1.69	1.835
656	3	6.46	2.2800000000000002
656	4	3.4450000000000003	4.315
656	5	3.12	1.92
656	6	2.565	1.875
657	1	4.775	2.545
657	2	1.72	1.845
657	3	6.43	2.2600000000000002
657	4	3.415	4.295
657	5	3.08	1.92
657	6	2.625	1.875
658	1	4.765	2.52
658	2	1.76	1.845
658	3	6.415	2.25
658	4	3.3850000000000002	4.28
658	5	3.0300000000000002	1.915
658	6	2.685	1.865
659	1	4.76	2.5
659	2	1.8	1.845
659	3	6.3950000000000005	2.225
659	4	3.345	4.2700000000000005
659	5	2.99	1.915
659	6	2.745	1.865
660	1	4.76	2.475
660	2	1.84	1.86
660	3	6.365	2.205
660	4	3.29	4.255
660	5	2.94	1.915
660	6	2.79	1.855
660	7	7.03	3.525
661	1	4.765	2.465
661	2	1.8800000000000001	1.86
661	3	6.345	2.185
661	4	3.24	4.235
661	5	2.9	1.9100000000000001
661	6	2.85	1.855
661	7	6.95	3.5
662	1	4.7700000000000005	2.44
662	2	1.92	1.87
662	3	6.315	2.17
662	4	3.18	4.22
662	5	2.85	1.9100000000000001
662	6	2.91	1.845
662	7	6.8500000000000005	3.48
663	1	4.775	2.415
663	2	1.96	1.87
663	3	6.275	2.15
663	4	3.11	4.2
663	5	2.805	1.9100000000000001
663	6	2.97	1.845
663	7	6.735	3.4450000000000003
664	1	4.7700000000000005	2.395
664	2	2.0100000000000002	1.875
664	3	6.235	2.14
664	4	3.04	4.1850000000000005
664	5	2.755	1.9100000000000001
664	6	3.02	1.845
664	7	6.625	3.42
665	1	4.775	2.37
665	2	2.05	1.885
665	3	6.2	2.115
665	4	2.97	4.165
665	5	2.705	1.905
665	6	3.08	1.835
665	7	6.505	3.3850000000000002
666	1	4.78	2.35
666	2	2.09	1.885
666	3	6.15	2.1
666	4	2.8850000000000002	4.15
666	5	2.665	1.905
666	6	3.14	1.835
666	7	6.3950000000000005	3.35
667	1	4.79	2.335
667	2	2.13	1.9000000000000001
667	3	6.1000000000000005	2.08
667	4	2.815	4.13
667	5	2.615	1.905
667	6	3.19	1.825
667	7	6.285	3.315
668	1	4.795	2.315
668	2	2.18	1.9000000000000001
668	3	6.0600000000000005	2.065
668	4	2.745	4.105
668	5	2.565	1.905
668	6	3.25	1.82
668	7	6.165	3.2800000000000002
669	1	4.815	2.29
669	2	2.22	1.9000000000000001
669	3	6.01	2.055
669	4	2.665	4.095
669	5	2.515	1.905
669	6	3.295	1.82
669	7	6.05	3.255
670	1	4.82	2.2800000000000002
670	2	2.2600000000000002	1.9100000000000001
670	3	5.965	2.04
670	4	2.595	4.075
670	5	2.465	1.905
670	6	3.355	1.82
670	7	5.93	3.22
671	1	4.84	2.2600000000000002
671	2	2.315	1.915
671	3	5.915	2.02
671	4	2.52	4.0600000000000005
671	5	2.4050000000000002	1.905
671	6	3.4050000000000002	1.82
671	7	5.82	3.185
672	1	4.86	2.24
672	2	2.355	1.925
672	3	5.86	2.005
672	4	2.44	4.04
672	5	2.355	1.905
672	6	3.465	1.82
672	7	5.71	3.16
673	1	4.87	2.225
673	2	2.395	1.925
673	3	5.8100000000000005	1.995
673	4	2.37	4.015
673	5	2.305	1.905
673	6	3.515	1.82
673	7	5.6000000000000005	3.125
674	1	4.89	2.205
674	2	2.445	1.93
674	3	5.75	1.995
674	4	2.3000000000000003	4.005
674	5	2.25	1.905
674	6	3.575	1.82
674	7	5.485	3.1
675	1	4.91	2.195
675	2	2.485	1.94
675	3	5.6850000000000005	1.985
675	4	2.22	3.98
675	5	2.2	1.895
675	6	3.625	1.815
675	7	5.375	3.08
676	1	4.92	2.1750000000000003
676	2	2.525	1.94
676	3	5.625	1.975
676	4	2.145	3.97
676	5	2.15	1.895
676	6	3.685	1.815
676	7	5.265	3.055
677	1	4.94	2.16
677	2	2.575	1.955
677	3	5.565	1.975
677	4	2.075	3.95
677	5	2.1	1.895
677	6	3.73	1.815
677	7	5.165	3.0300000000000002
678	1	4.96	2.14
678	2	2.625	1.955
678	3	5.5	1.965
678	4	1.995	3.9250000000000003
678	5	2.05	1.895
678	6	3.7800000000000002	1.815
678	7	5.05	3.005
679	1	4.97	2.13
679	2	2.685	1.965
679	3	5.44	1.955
679	4	1.925	3.915
679	5	2.0	1.895
679	6	3.84	1.815
679	7	4.94	2.98
680	1	5.0	2.105
680	2	2.745	1.965
680	3	5.38	1.955
680	4	1.855	3.89
680	5	1.95	1.895
680	6	3.89	1.815
680	7	4.83	2.96
681	1	5.0200000000000005	2.095
681	2	2.8000000000000003	1.98
681	3	5.305	1.945
681	4	1.79	3.88
681	5	1.9000000000000001	1.895
681	6	3.95	1.81
681	7	4.72	2.935
682	1	5.05	2.075
682	2	2.86	1.98
682	3	5.235	1.935
682	4	1.73	3.855
682	5	1.86	1.905
682	6	4.0	1.8
682	7	4.615	2.91
683	1	5.09	2.06
683	2	2.92	1.99
683	3	5.155	1.93
683	4	1.68	3.845
683	5	1.83	1.905
683	6	4.05	1.8
683	7	4.505	2.8850000000000002
684	1	5.12	2.04
684	2	2.98	1.995
684	3	5.085	1.92
684	4	1.6400000000000001	3.825
684	5	1.79	1.915
684	6	4.1	1.8
684	7	4.3950000000000005	2.85
685	1	5.16	2.0300000000000002
685	2	3.04	2.005
685	3	5.015	1.92
685	4	1.59	3.81
685	5	1.7550000000000001	1.915
685	6	4.155	1.79
685	7	4.285	2.83
686	1	5.2	2.015
686	2	3.1	2.005
686	3	4.94	1.9100000000000001
686	4	1.545	3.8000000000000003
686	5	1.725	1.925
686	6	4.205	1.78
686	7	4.18	2.805
687	1	5.23	1.995
687	2	3.16	2.015
687	3	4.87	1.905
687	4	1.5150000000000001	3.775
687	5	1.695	1.925
687	6	4.255	1.78
687	7	4.07	2.7800000000000002
688	1	5.2700000000000005	1.985
688	2	3.22	2.02
688	3	4.79	1.895
688	4	1.485	3.755
688	5	1.675	1.935
688	6	4.305	1.7650000000000001
688	7	3.97	2.765
689	1	5.315	1.97
689	2	3.27	2.0300000000000002
689	3	4.73	1.885
689	4	1.455	3.74
689	5	1.665	1.945
689	6	4.355	1.7650000000000001
689	7	3.88	2.74
690	1	5.345	1.95
690	2	3.3200000000000003	2.04
690	3	4.66	1.885
690	4	1.435	3.715
690	5	1.665	1.945
690	6	4.3950000000000005	1.7550000000000001
690	7	3.785	2.72
691	1	5.365	1.945
691	2	3.37	2.04
691	3	4.61	1.885
691	4	1.41	3.6950000000000003
691	5	1.675	1.955
691	6	4.445	1.745
691	7	3.705	2.705
692	1	5.385	1.945
692	2	3.42	2.055
692	3	4.545	1.8800000000000001
692	4	1.4000000000000001	3.66
692	5	1.695	1.97
692	6	4.485	1.745
692	7	3.615	2.68
693	1	5.385	1.94
693	2	3.46	2.065
693	3	4.505	1.8800000000000001
693	4	1.3900000000000001	3.6350000000000002
693	5	1.72	1.97
693	6	4.525	1.735
693	7	3.5300000000000002	2.665
694	1	5.39	1.945
694	2	3.5	2.075
694	3	4.465	1.8800000000000001
694	4	1.375	3.61
694	5	1.75	1.985
694	6	4.565	1.735
694	7	3.45	2.645
695	1	5.39	1.955
695	2	3.5500000000000003	2.085
695	3	4.415	1.8800000000000001
695	4	1.365	3.59
695	5	1.78	1.985
695	6	4.605	1.725
695	7	3.37	2.63
696	1	5.38	1.96
696	2	3.59	2.095
696	3	4.375	1.8800000000000001
696	4	1.345	3.555
696	5	1.81	2.0
696	6	4.6450000000000005	1.715
696	7	3.29	2.605
697	1	5.385	1.97
697	2	3.63	2.105
697	3	4.335	1.875
697	4	1.335	3.5300000000000002
697	5	1.84	2.0100000000000002
697	6	4.6850000000000005	1.715
697	7	3.205	2.59
697	8	7.29	2.645
698	1	5.375	1.975
698	2	3.68	2.115
698	3	4.28	1.875
698	4	1.31	3.505
698	5	1.875	2.0100000000000002
698	6	4.7250000000000005	1.705
698	7	3.125	2.575
698	8	7.23	2.63
699	1	5.365	1.985
699	2	3.72	2.13
699	3	4.24	1.875
699	4	1.28	3.48
699	5	1.915	2.025
699	6	4.765	1.705
699	7	3.045	2.555
699	8	7.17	2.63
700	1	5.345	2.0
700	2	3.77	2.14
700	3	4.19	1.875
700	4	1.25	3.46
700	5	1.955	2.025
700	6	4.805	1.695
700	7	2.965	2.54
700	8	7.09	2.62
701	1	5.325	2.0100000000000002
701	2	3.8200000000000003	2.16
701	3	4.14	1.875
701	4	1.215	3.4250000000000003
701	5	1.995	2.025
701	6	4.845	1.685
701	7	2.88	2.515
701	8	7.0200000000000005	2.605
702	1	5.305	2.025
702	2	3.855	2.17
702	3	4.085	1.885
702	4	1.195	3.4
702	5	2.035	2.025
702	6	4.885	1.685
702	7	2.8000000000000003	2.5
702	8	6.94	2.605
703	1	5.275	2.035
703	2	3.9050000000000002	2.18
703	3	4.035	1.885
703	4	1.165	3.375
703	5	2.075	2.035
703	6	4.925	1.67
703	7	2.72	2.48
703	8	6.86	2.595
704	1	5.255	2.05
704	2	3.955	2.19
704	3	3.995	1.885
704	4	1.135	3.355
704	5	2.125	2.04
704	6	4.97	1.67
704	7	2.65	2.455
704	8	6.78	2.58
705	1	5.23	2.065
705	2	3.995	2.2
705	3	3.9450000000000003	1.885
705	4	1.1	3.33
705	5	2.165	2.04
705	6	5.01	1.6600000000000001
705	7	2.57	2.44
705	8	6.71	2.58
706	1	5.2	2.075
706	2	4.045	2.22
706	3	3.895	1.885
706	4	1.07	3.305
706	5	2.205	2.05
706	6	5.05	1.6500000000000001
706	7	2.49	2.42
706	8	6.63	2.57
707	1	5.18	2.09
707	2	4.095	2.235
707	3	3.84	1.885
707	4	1.04	3.27
707	5	2.245	2.06
707	6	5.09	1.6500000000000001
707	7	2.415	2.395
707	8	6.5600000000000005	2.555
708	1	5.15	2.105
708	2	4.135	2.245
708	3	3.79	1.895
708	4	1.0050000000000001	3.245
708	5	2.285	2.07
708	6	5.13	1.6400000000000001
708	7	2.335	2.3850000000000002
708	8	6.48	2.555
709	1	5.13	2.115
709	2	4.1850000000000005	2.255
709	3	3.74	1.895
709	4	0.975	3.225
709	5	2.325	2.085
709	6	5.17	1.6300000000000001
709	7	2.255	2.36
709	8	6.41	2.545
710	1	5.1000000000000005	2.13
710	2	4.235	2.265
710	3	3.7	1.905
710	4	0.9450000000000001	3.2
710	5	2.355	2.095
710	6	5.21	1.6300000000000001
710	7	2.185	2.335
710	8	6.3500000000000005	2.5300000000000002
711	1	5.08	2.145
711	2	4.285	2.285
711	3	3.645	1.915
711	4	0.91	3.1750000000000003
711	5	2.4	2.105
711	6	5.25	1.62
711	7	2.105	2.325
711	8	6.28	2.5300000000000002
712	1	5.05	2.1550000000000002
712	2	4.325	2.295
712	3	3.595	1.925
712	4	0.88	3.15
712	5	2.44	2.115
712	6	5.29	1.62
712	7	2.025	2.3000000000000003
712	8	6.22	2.52
713	1	5.03	2.1750000000000003
713	2	4.375	2.31
713	3	3.545	1.935
713	4	0.85	3.13
713	5	2.48	2.125
713	6	5.33	1.61
713	7	1.955	2.2800000000000002
713	8	6.16	2.515
714	1	5.0	2.19
714	2	4.425	2.32
714	3	3.495	1.945
714	4	0.8200000000000001	3.095
714	5	2.52	2.1350000000000002
714	6	5.37	1.6
714	7	1.87	2.265
714	8	6.1000000000000005	2.505
715	1	4.98	2.21
715	2	4.4750000000000005	2.34
715	3	3.44	1.965
715	4	0.785	3.0700000000000003
715	5	2.56	2.15
715	6	5.41	1.6
715	7	1.8	2.24
715	8	6.04	2.495
716	1	4.97	2.22
716	2	4.53	2.355
716	3	3.4	1.975
716	4	0.765	3.045
716	5	2.6	2.16
716	6	5.45	1.59
716	7	1.73	2.23
716	8	5.98	2.495
717	1	4.98	2.24
717	2	4.59	2.375
717	3	3.35	1.985
717	4	0.745	3.02
717	5	2.64	2.17
717	6	5.49	1.59
717	7	1.67	2.225
717	8	5.91	2.48
718	1	4.99	2.2600000000000002
718	2	4.6450000000000005	2.39
718	3	3.3000000000000003	1.995
718	4	0.74	3.0
718	5	2.67	2.18
718	6	5.5200000000000005	1.58
718	7	1.6	2.215
718	8	5.8500000000000005	2.47
719	1	5.0200000000000005	2.27
719	2	4.7	2.4
719	3	3.2600000000000002	2.005
719	4	0.74	2.975
719	5	2.71	2.19
719	6	5.565	1.57
719	7	1.54	2.2
719	8	5.79	2.47
720	1	5.0600000000000005	2.2800000000000002
720	2	4.765	2.415
720	3	3.205	2.02
720	4	0.76	2.95
720	5	2.75	2.2
720	6	5.605	1.57
720	7	1.48	2.195
720	8	5.73	2.455
721	1	5.11	2.29
721	2	4.815	2.4250000000000003
721	3	3.1750000000000003	2.04
721	4	0.78	2.935
721	5	2.79	2.215
721	6	5.6450000000000005	1.56
721	7	1.405	2.185
721	8	5.67	2.455
722	1	5.16	2.29
722	2	4.87	2.44
722	3	3.145	2.05
722	4	0.795	2.915
722	5	2.83	2.225
722	6	5.6850000000000005	1.56
722	7	1.345	2.18
722	8	5.61	2.445
723	1	5.21	2.29
723	2	4.9350000000000005	2.45
723	3	3.115	2.065
723	4	0.8250000000000001	2.89
723	5	2.875	2.235
723	6	5.7250000000000005	1.55
723	7	1.285	2.165
723	8	5.54	2.435
724	1	5.275	2.29
724	2	4.99	2.465
724	3	3.09	2.09
724	4	0.855	2.88
724	5	2.915	2.25
724	6	5.765	1.54
724	7	1.225	2.1550000000000002
724	8	5.48	2.43
725	1	5.325	2.29
725	2	5.04	2.485
725	3	3.0700000000000003	2.1
725	4	0.885	2.855
725	5	2.955	2.265
725	6	5.805	1.54
725	7	1.165	2.15
725	8	5.42	2.42
726	1	5.385	2.29
726	2	5.105	2.5
726	3	3.04	2.115
726	4	0.91	2.845
726	5	2.995	2.275
726	6	5.845	1.53
726	7	1.105	2.14
726	8	5.36	2.42
727	1	5.4350000000000005	2.29
727	2	5.16	2.5100000000000002
727	3	3.02	2.14
727	4	0.9400000000000001	2.82
727	5	3.035	2.29
727	6	5.875	1.52
727	7	1.045	2.14
727	8	5.3	2.4050000000000002
728	1	5.495	2.29
728	2	5.215	2.52
728	3	2.99	2.1550000000000002
728	4	0.98	2.81
728	5	3.08	2.29
728	6	5.915	1.52
728	7	0.98	2.125
728	8	5.24	2.395
729	1	5.545	2.29
729	2	5.275	2.535
729	3	2.97	2.165
729	4	1.01	2.785
729	5	3.12	2.305
729	6	5.945	1.5050000000000001
729	7	0.93	2.115
729	8	5.18	2.395
730	1	5.595	2.29
730	2	5.33	2.545
730	3	2.955	2.19
730	4	1.04	2.765
730	5	3.16	2.32
730	6	5.9750000000000005	1.495
730	7	0.88	2.115
730	8	5.11	2.38
731	1	5.635	2.2800000000000002
731	2	5.385	2.56
731	3	2.935	2.2
731	4	1.065	2.75
731	5	3.2	2.33
731	6	6.005	1.495
731	7	0.8150000000000001	2.105
731	8	5.05	2.38
732	1	5.6850000000000005	2.2800000000000002
732	2	5.45	2.57
732	3	2.915	2.215
732	4	1.095	2.73
732	5	3.24	2.345
732	6	6.035	1.485
732	7	0.765	2.095
732	8	4.99	2.37
733	1	5.715	2.27
733	2	5.5	2.585
733	3	2.9050000000000002	2.235
733	4	1.125	2.715
733	5	3.285	2.35
733	6	6.065	1.475
733	7	0.715	2.085
733	8	4.93	2.36
734	1	5.75	2.27
734	2	5.565	2.595
734	3	2.9	2.25
734	4	1.165	2.69
734	5	3.315	2.36
734	6	6.095	1.475
734	7	0.665	2.085
734	8	4.87	2.355
735	1	5.78	2.2600000000000002
735	2	5.61	2.605
735	3	2.89	2.2600000000000002
735	4	1.19	2.68
735	5	3.355	2.375
735	6	6.13	1.465
735	7	0.6	2.075
735	8	4.8100000000000005	2.345
736	1	5.8	2.2600000000000002
736	2	5.68	2.62
736	3	2.88	2.275
736	4	1.22	2.6550000000000002
736	5	3.395	2.3850000000000002
736	6	6.16	1.465
736	7	0.55	2.065
736	8	4.74	2.335
737	1	5.8100000000000005	2.25
737	2	5.735	2.63
737	3	2.8850000000000002	2.285
737	4	1.25	2.645
737	5	3.4250000000000003	2.4
737	6	6.195	1.455
737	7	0.5	2.065
737	8	4.68	2.33
738	1	5.8100000000000005	2.24
738	2	5.795	2.63
738	3	2.875	2.305
738	4	1.29	2.62
738	5	3.465	2.41
738	6	6.235	1.455
738	7	0.45	2.055
738	8	4.62	2.32
739	1	5.79	2.23
739	2	5.86	2.645
739	3	2.855	2.315
739	4	1.325	2.61
739	5	3.495	2.4250000000000003
739	6	6.265000000000001	1.455
739	7	0.385	2.045
739	8	4.5600000000000005	2.32
740	1	5.76	2.22
740	2	5.915	2.6550000000000002
740	3	2.84	2.335
740	4	1.365	2.585
740	5	3.535	2.4250000000000003
740	6	6.305	1.45
740	7	0.34500000000000003	2.045
740	8	4.5	2.305
741	1	5.73	2.22
741	2	5.98	2.6550000000000002
741	3	2.82	2.365
741	4	1.415	2.575
741	5	3.56	2.435
741	6	6.345	1.44
741	7	0.305	2.035
741	8	4.44	2.295
742	1	5.68	2.21
742	2	6.035	2.67
742	3	2.795	2.38
742	4	1.465	2.56
742	5	3.6	2.45
742	6	6.385	1.44
742	7	0.275	2.035
742	8	4.38	2.295
743	1	5.64	2.2
743	2	6.09	2.67
743	3	2.765	2.41
743	4	1.5150000000000001	2.54
743	5	3.65	2.46
743	6	6.42	1.44
743	8	4.3100000000000005	2.285
744	1	5.6000000000000005	2.19
744	2	6.16	2.67
744	3	2.73	2.435
744	4	1.56	2.525
744	5	3.7	2.475
744	6	6.46	1.435
744	8	4.25	2.2800000000000002
745	1	5.55	2.18
745	2	6.215	2.67
745	3	2.7	2.465
745	4	1.62	2.515
745	5	3.75	2.485
745	6	6.5	1.435
745	8	4.19	2.27
746	1	5.51	2.17
746	2	6.275	2.67
746	3	2.6750000000000003	2.485
746	4	1.67	2.49
746	5	3.8000000000000003	2.5
746	6	6.54	1.435
746	8	4.13	2.2600000000000002
747	1	5.46	2.17
747	2	6.325	2.67
747	3	2.6550000000000002	2.505
747	4	1.73	2.48
747	5	3.86	2.5100000000000002
747	6	6.57	1.435
747	8	4.07	2.255
748	1	5.41	2.16
748	2	6.385	2.66
748	3	2.64	2.525
748	4	1.7750000000000001	2.465
748	5	3.91	2.525
748	6	6.61	1.435
748	8	4.01	2.245
749	1	5.355	2.16
749	2	6.445	2.66
749	3	2.62	2.5500000000000003
749	4	1.825	2.455
749	5	3.97	2.525
749	6	6.640000000000001	1.445
749	8	3.95	2.245
750	1	5.305	2.15
750	2	6.495	2.65
750	3	2.605	2.565
750	4	1.885	2.43
750	5	4.0200000000000005	2.535
750	6	6.68	1.445
750	8	3.88	2.235
751	1	5.255	2.15
751	2	6.535	2.64
751	3	2.595	2.585
751	4	1.935	2.42
751	5	4.08	2.5500000000000003
751	6	6.71	1.445
751	8	3.8200000000000003	2.22
752	1	5.2	2.14
752	2	6.565	2.64
752	3	2.59	2.6
752	4	1.985	2.4050000000000002
752	5	4.15	2.56
752	6	6.74	1.46
752	8	3.7600000000000002	2.22
753	1	5.15	2.14
753	2	6.585	2.63
753	3	2.58	2.625
753	4	2.035	2.395
753	5	4.21	2.575
753	6	6.78	1.46
753	8	3.7	2.21
754	1	5.1000000000000005	2.14
754	2	6.605	2.62
754	3	2.575	2.65
754	4	2.085	2.3850000000000002
754	5	4.28	2.585
754	6	6.8100000000000005	1.47
754	8	3.64	2.195
755	1	5.05	2.13
755	2	6.615	2.6
755	3	2.565	2.66
755	4	2.125	2.375
755	5	4.34	2.6
755	6	6.84	1.47
755	8	3.58	2.195
756	1	4.995	2.13
756	2	6.6450000000000005	2.59
756	3	2.56	2.685
756	4	2.1750000000000003	2.365
756	5	4.41	2.61
756	6	6.865	1.48
756	8	3.5300000000000002	2.185
757	1	4.945	2.125
757	2	6.66	2.58
757	3	2.56	2.7
757	4	2.215	2.355
757	5	4.47	2.625
757	6	6.885	1.49
757	8	3.48	2.185
758	1	4.885	2.125
758	2	6.68	2.555
758	3	2.575	2.72
758	4	2.255	2.345
758	5	4.54	2.6350000000000002
758	6	6.9	1.49
758	8	3.43	2.18
759	1	4.835	2.13
759	2	6.69	2.545
759	3	2.595	2.745
759	4	2.305	2.34
759	5	4.6000000000000005	2.645
759	6	6.91	1.5
759	8	3.375	2.17
760	1	4.775	2.14
760	2	6.68	2.535
760	3	2.62	2.7600000000000002
760	4	2.345	2.33
760	5	4.66	2.66
760	6	6.925	1.51
760	8	3.335	2.17
761	1	4.705	2.15
761	2	6.67	2.515
761	3	2.6550000000000002	2.7800000000000002
761	4	2.395	2.32
761	5	4.71	2.67
761	6	6.9350000000000005	1.52
761	8	3.285	2.17
762	1	4.6450000000000005	2.16
762	2	6.66	2.505
762	3	2.685	2.795
762	4	2.435	2.31
762	5	4.745	2.685
762	6	6.9350000000000005	1.5350000000000001
762	8	3.245	2.16
763	1	4.585	2.17
763	2	6.640000000000001	2.48
763	3	2.72	2.82
763	4	2.485	2.3000000000000003
763	5	4.785	2.695
763	6	6.9350000000000005	1.545
763	8	3.1950000000000003	2.1550000000000002
764	1	4.5200000000000005	2.185
764	2	6.605	2.47
764	3	2.75	2.83
764	4	2.535	2.29
764	5	4.825	2.71
764	6	6.9350000000000005	1.545
764	8	3.145	2.145
765	1	4.45	2.195
765	2	6.585	2.47
765	3	2.795	2.855
765	4	2.585	2.265
765	5	4.865	2.72
765	6	6.93	1.555
765	8	3.105	2.145
766	1	4.39	2.205
766	2	6.555	2.46
766	3	2.845	2.865
766	4	2.6350000000000002	2.255
766	5	4.905	2.735
766	6	6.93	1.57
766	8	3.055	2.145
767	1	4.3100000000000005	2.215
767	2	6.515000000000001	2.46
767	3	2.895	2.88
767	4	2.695	2.235
767	5	4.965	2.745
767	6	6.92	1.57
767	8	3.0100000000000002	2.1350000000000002
768	1	4.24	2.225
768	2	6.485	2.455
768	3	2.96	2.9
768	4	2.74	2.22
768	5	5.015	2.755
768	6	6.92	1.58
768	8	2.97	2.13
769	1	4.16	2.235
769	2	6.445	2.455
769	3	3.02	2.91
769	4	2.79	2.2
769	5	5.075	2.77
769	6	6.91	1.585
769	8	2.94	2.12
770	1	4.085	2.25
770	2	6.415	2.455
770	3	3.08	2.9250000000000003
770	4	2.84	2.19
770	5	5.135	2.79
770	6	6.91	1.595
770	8	2.9	2.12
771	1	4.005	2.2600000000000002
771	2	6.38	2.455
771	3	3.14	2.945
771	4	2.88	2.18
771	5	5.195	2.805
771	6	6.9	1.605
771	8	2.865	2.11
772	1	3.9250000000000003	2.27
772	2	6.34	2.455
772	3	3.2	2.955
772	4	2.93	2.165
772	5	5.255	2.815
772	6	6.8950000000000005	1.605
772	8	2.835	2.11
773	1	3.845	2.2800000000000002
773	2	6.3100000000000005	2.45
773	3	3.2600000000000002	2.97
773	4	2.965	2.1550000000000002
773	5	5.315	2.84
773	6	6.885	1.62
773	8	2.805	2.1
774	1	3.765	2.3000000000000003
774	2	6.29	2.45
774	3	3.33	2.98
774	4	3.005	2.145
774	5	5.385	2.85
774	6	6.865	1.6300000000000001
774	8	2.775	2.09
775	1	3.685	2.31
775	2	6.2700000000000005	2.45
775	3	3.39	3.0
775	4	3.045	2.1350000000000002
775	5	5.445	2.865
775	6	6.855	1.6300000000000001
775	8	2.74	2.09
776	1	3.605	2.325
776	2	6.26	2.465
776	3	3.45	3.015
776	4	3.095	2.125
776	5	5.505	2.875
776	6	6.835	1.6400000000000001
776	8	2.71	2.08
777	1	3.525	2.335
777	2	6.26	2.465
777	3	3.515	3.025
777	4	3.1350000000000002	2.115
777	5	5.565	2.895
777	6	6.825	1.655
777	8	2.68	2.08
778	1	3.4450000000000003	2.345
778	2	6.26	2.475
778	3	3.575	3.045
778	4	3.17	2.105
778	5	5.625	2.91
778	6	6.805	1.655
778	8	2.65	2.07
779	1	3.365	2.355
779	2	6.26	2.485
779	3	3.6350000000000002	3.055
779	4	3.22	2.09
779	5	5.6850000000000005	2.92
779	6	6.785	1.665
779	8	2.605	2.06
780	1	3.29	2.365
780	2	6.255	2.495
780	3	3.705	3.0700000000000003
780	4	3.2600000000000002	2.08
780	5	5.745	2.945
780	6	6.78	1.675
780	8	2.575	2.055
781	1	3.21	2.365
781	2	6.255	2.5100000000000002
781	3	3.765	3.08
781	4	3.31	2.07
781	5	5.795	2.955
781	6	6.76	1.675
781	8	2.545	2.045
782	1	3.14	2.375
782	2	6.265000000000001	2.52
782	3	3.825	3.1
782	4	3.365	2.07
782	5	5.8500000000000005	2.97
782	6	6.75	1.69
782	8	2.515	2.045
783	1	3.06	2.375
783	2	6.275	2.54
783	3	3.8850000000000002	3.115
783	4	3.415	2.06
783	5	5.89	2.99
783	6	6.73	1.7
783	8	2.48	2.035
784	1	2.99	2.37
784	2	6.295	2.57
784	3	3.9450000000000003	3.125
784	4	3.465	2.06
784	5	5.93	3.005
784	6	6.71	1.71
784	8	2.45	2.025
785	1	2.92	2.36
785	2	6.315	2.605
785	3	4.015	3.145
785	4	3.515	2.05
785	5	5.97	3.025
785	6	6.69	1.72
785	8	2.42	2.015
786	1	2.865	2.36
786	2	6.335	2.625
786	3	4.075	3.16
786	4	3.5700000000000003	2.035
786	5	6.0	3.035
786	6	6.68	1.72
786	8	2.4	2.005
787	1	2.805	2.355
787	2	6.365	2.6550000000000002
787	3	4.14	3.17
787	4	3.62	2.035
787	5	6.03	3.0500000000000003
787	6	6.66	1.73
787	8	2.3850000000000002	1.995
788	1	2.755	2.345
788	2	6.3950000000000005	2.6750000000000003
788	3	4.2	3.18
788	4	3.67	2.025
788	5	6.0600000000000005	3.0700000000000003
788	6	6.65	1.74
788	8	2.375	1.985
789	1	2.705	2.335
789	2	6.425	2.7
789	3	4.26	3.205
789	4	3.72	2.025
789	5	6.09	3.085
789	6	6.640000000000001	1.7550000000000001
789	8	2.365	1.965
790	1	2.68	2.33
790	2	6.455	2.72
790	3	4.32	3.215
790	4	3.7800000000000002	2.015
790	5	6.12	3.105
790	6	6.625	1.7650000000000001
790	8	2.355	1.95
791	1	2.64	2.32
791	2	6.4750000000000005	2.75
791	3	4.39	3.225
791	4	3.825	2.015
791	5	6.15	3.12
791	6	6.625	1.7750000000000001
791	8	2.345	1.94
792	1	2.61	2.31
792	2	6.505	2.77
792	3	4.44	3.235
792	4	3.875	2.005
792	5	6.18	3.14
792	6	6.625	1.7850000000000001
792	8	2.325	1.94
793	1	2.59	2.295
793	2	6.525	2.795
793	3	4.5	3.2600000000000002
793	4	3.915	1.995
793	5	6.21	3.15
793	6	6.635	1.795
793	8	2.315	1.925
794	1	2.56	2.295
794	2	6.545	2.805
794	3	4.54	3.27
794	4	3.955	1.99
794	5	6.23	3.165
794	6	6.635	1.795
794	8	2.305	1.915
795	1	2.555	2.285
795	2	6.5600000000000005	2.815
795	3	4.57	3.27
795	4	3.985	1.99
795	5	6.25	3.1750000000000003
795	6	6.6450000000000005	1.805
795	8	2.295	1.9100000000000001
